Security Wise Delivery Position - Compulsory Rolling Settlement
10,MTO,31052023,2177094669,0002281
Trade Date <31-MAY-2023>,Settlement Type <N>
Record Type,Sr No,Name of Security,Quantity Traded,Deliverable Quantity(gross across client level),% of Deliverable Quantity to Traded Quantity
20,1,182D051023,TB,3300,1900,57.58
20,2,182D220623,TB,200,200,100.00
20,3,182D231123,TB,9200,9200,100.00
20,4,182D290623,TB,100,100,100.00
20,5,182D290923,TB,800,800,100.00
20,6,20MICRONS,EQ,140484,50831,36.18
20,7,21STCENMGM,EQ,2129,2079,97.65
20,8,360ONE,EQ,467224,409715,87.69
20,9,364D040424,TB,6000,6000,100.00
20,10,364D070324,TB,400,200,50.00
20,11,364D090524,TB,5000,5000,100.00
20,12,364D140324,TB,500,500,100.00
20,13,364D160524,TB,11000,11000,100.00
20,14,364D161123,TB,8000,8000,100.00
20,15,364D191023,TB,3000,3000,100.00
20,16,364D290324,TB,500,500,100.00
20,17,3IINFOLTD,EQ,218439,107762,49.33
20,18,3MINDIA,EQ,7874,4364,55.42
20,19,3PLAND,EQ,6923,4507,65.10
20,20,448GS2023,GS,100,100,100.00
20,21,456GS2023,GS,500000,500000,100.00
20,22,522GS2025,GS,60,60,100.00
20,23,579GS2030,GS,200,200,100.00
20,24,5PAISA,EQ,78583,26901,34.23
20,25,622GS2035,GS,1,1,100.00
20,26,63MOONS,EQ,246095,130788,53.15
20,27,654GS2032,GS,10002,10002,100.00
20,28,664GS2035,GS,1,1,100.00
20,29,667GS2035,GS,1102,1102,100.00
20,30,667GS2050,GS,4129,4129,100.00
20,31,669GS2024,GS,44,44,100.00
20,32,676GS2061,GS,1608,1608,100.00
20,33,699GS2026,GS,100,100,100.00
20,34,699GS2051,GS,1904,977,51.31
20,35,706GS2028,GS,300,200,66.67
20,36,710GS2029,GS,58821,58720,99.83
20,37,717GS2030,GS,108031,108031,100.00
20,38,726GS2032,GS,734499,734482,100.00
20,39,726GS2033,GS,90,90,100.00
20,40,727GS2026,GS,4540,4540,100.00
20,41,736GS2052,GS,1,1,100.00
20,42,738GS2027,GS,51350,48150,93.77
20,43,741GS2036,GS,21990,21990,100.00
20,44,74GS2062,GS,201490,201000,99.76
20,45,754GS2036,GS,326670,301303,92.23
20,46,915GS2024,GS,2549,1549,60.77
20,47,91D060723,TB,23200,20200,87.07
20,48,91D100823,TB,3000,3000,100.00
20,49,A2ZINFRA,EQ,2951913,1576181,53.40
20,50,AAATECH,EQ,8625,4055,47.01
20,51,AAKASH,EQ,226404,157071,69.38
20,52,AAREYDRUGS,EQ,61304,29640,48.35
20,53,AARON,EQ,19820,13772,69.49
20,54,AARTIDRUGS,EQ,61089,22476,36.79
20,55,AARTIIND,EQ,754821,427708,56.66
20,56,AARTIPHARM,EQ,257341,152876,59.41
20,57,AARTIPP,E1,107,103,96.26
20,58,AARTISURF,EQ,4003,2831,70.72
20,59,AARTISURF,P1,2,2,100.00
20,60,AARVEEDEN,EQ,15077,10387,68.89
20,61,AARVI,EQ,60300,35315,58.57
20,62,AAVAS,EQ,186733,124518,66.68
20,63,ABAN,EQ,59785,39222,65.61
20,64,ABB,EQ,1169176,903702,77.29
20,65,ABBOTINDIA,EQ,6644,3101,46.67
20,66,ABCAPITAL,EQ,4753246,2975896,62.61
20,67,ABFRL,EQ,3134620,1486428,47.42
20,68,ABINFRA,SM,12000,12000,100.00
20,69,ABMINTLLTD,EQ,2479,1309,52.80
20,70,ABSLAMC,EQ,40179,18655,46.43
20,71,ABSLBANETF,EQ,7359,3902,53.02
20,72,ABSLLIQUID,EQ,148,148,100.00
20,73,ABSLNN50ET,EQ,3314,1430,43.15
20,74,ACC,EQ,1373412,835437,60.83
20,75,ACCELYA,EQ,29758,15951,53.60
20,76,ACCURACY,EQ,214186,188378,87.95
20,77,ACE,EQ,1401099,654937,46.74
20,78,ACI,EQ,158650,103711,65.37
20,79,ACL,EQ,2570,2570,100.00
20,80,ADANIENT,EQ,4268439,1008419,23.63
20,81,ADANIGREEN,EQ,6233565,3790713,60.81
20,82,ADANIPORTS,EQ,13649365,5607151,41.08
20,83,ADANIPOWER,EQ,8595331,3434853,39.96
20,84,ADANITRANS,EQ,26167155,18527995,70.81
20,85,ADFFOODS,EQ,18481,8860,47.94
20,86,ADORWELD,EQ,99721,51285,51.43
20,87,ADROITINFO,EQ,43440,29723,68.42
20,88,ADSL,EQ,190052,105730,55.63
20,89,ADVANIHOTR,EQ,88731,50314,56.70
20,90,ADVENZYMES,EQ,55361,29176,52.70
20,91,AEGISCHEM,EQ,917439,440688,48.03
20,92,AETHER,EQ,19324,11034,57.10
20,93,AFFLE,EQ,305570,154614,50.60
20,94,AGARIND,EQ,22531,16661,73.95
20,95,AGI,EQ,102867,54546,53.03
20,96,AGNI,SM,10000,5000,50.00
20,97,AGRITECH,EQ,10284,6655,64.71
20,98,AGROPHOS,EQ,44071,27013,61.29
20,99,AGSTRA,EQ,393887,233215,59.21
20,100,AGUL,SM,12000,12000,100.00
20,101,AHL,EQ,1118291,114701,10.26
20,102,AHLADA,EQ,358006,147913,41.32
20,103,AHLEAST,EQ,3683,2982,80.97
20,104,AHLUCONT,EQ,61549,30244,49.14
20,105,AIAENG,EQ,273424,98067,35.87
20,106,AILIMITED,SM,18000,18000,100.00
20,107,AIRAN,EQ,73418,41314,56.27
20,108,AIROLAM,EQ,24048,16490,68.57
20,109,AIRTELPP,E1,434488,284379,65.45
20,110,AISL,SM,1200,1200,100.00
20,111,AJANTPHARM,EQ,119099,85613,71.88
20,112,AJMERA,EQ,25676,9260,36.06
20,113,AJOONI,EQ,1143287,614989,53.79
20,114,AKASH,EQ,53266,28145,52.84
20,115,AKG,EQ,173224,105258,60.76
20,116,AKSHAR,EQ,2800,2096,74.86
20,117,AKSHARCHEM,EQ,13140,8666,65.95
20,118,AKSHOPTFBR,EQ,370172,236631,63.92
20,119,AKZOINDIA,EQ,33372,17853,53.50
20,120,ALANKIT,EQ,234015,173587,74.18
20,121,ALBERTDAVD,EQ,1933,1224,63.32
20,122,ALEMBICLTD,EQ,82695,51222,61.94
20,123,ALICON,EQ,12982,8361,64.40
20,124,ALKALI,EQ,24572,15352,62.48
20,125,ALKEM,EQ,92711,63085,68.04
20,126,ALKYLAMINE,EQ,27380,17103,62.47
20,127,ALLCARGO,EQ,428708,201656,47.04
20,128,ALLETEC,SM,24000,22400,93.33
20,129,ALLSEC,EQ,5691,3318,58.30
20,130,ALMONDZ,EQ,19725,13350,67.68
20,131,ALOKINDS,EQ,11731352,4970471,42.37
20,132,ALPA,EQ,105851,56194,53.09
20,133,ALPHAGEO,EQ,22835,9240,40.46
20,134,AMARAJABAT,EQ,595864,332210,55.75
20,135,AMBER,EQ,130588,70603,54.07
20,136,AMBICAAGAR,EQ,25246,10961,43.42
20,137,AMBIKCO,EQ,6598,3685,55.85
20,138,AMBUJACEM,EQ,6180317,4286277,69.35
20,139,AMDIND,EQ,79746,51090,64.07
20,140,AMEYA,SM,8000,8000,100.00
20,141,AMIABLE,SM,1600,1600,100.00
20,142,AMIORG,EQ,71794,28162,39.23
20,143,AMJLAND,EQ,14429,10284,71.27
20,144,AMRUTANJAN,EQ,25442,11852,46.58
20,145,ANANDRATHI,EQ,22692,11325,49.91
20,146,ANANTRAJ,EQ,788208,493722,62.64
20,147,ANDHRAPAP,EQ,34468,22679,65.80
20,148,ANDHRSUGAR,EQ,97823,53703,54.90
20,149,ANDREWYU,EQ,96054,60019,62.48
20,150,ANGELONE,EQ,744948,331351,44.48
20,151,ANIKINDS,EQ,12428,7305,58.78
20,152,ANLON,SM,4800,4800,100.00
20,153,ANMOL,EQ,117935,47817,40.55
20,154,ANNAPURNA,SM,38000,31000,81.58
20,155,ANTGRAPHIC,EQ,287192,159816,55.65
20,156,ANUP,EQ,65322,27201,41.64
20,157,ANURAS,EQ,683542,425124,62.19
20,158,APARINDS,EQ,60891,38525,63.27
20,159,APCL,EQ,8910,5070,56.90
20,160,APCOTEXIND,EQ,35331,18794,53.19
20,161,APEX,EQ,187350,104737,55.90
20,162,APLAPOLLO,EQ,1172885,797180,67.97
20,163,APLLTD,EQ,130126,96232,73.95
20,164,APOLLO,EQ,398903,273603,68.59
20,165,APOLLOHOSP,EQ,1655511,680883,41.13
20,166,APOLLOPIPE,EQ,102947,62495,60.71
20,167,APOLLOTYRE,EQ,1403719,569759,40.59
20,168,APOLSINHOT,EQ,1616,1180,73.02
20,169,APTECHT,EQ,669234,165891,24.79
20,170,APTUS,EQ,906106,642155,70.87
20,171,ARCHIDPLY,EQ,10327,8008,77.54
20,172,ARCHIES,EQ,2456090,1319324,53.72
20,173,ARENTERP,EQ,15243,5219,34.24
20,174,ARHAM,SM,63000,42000,66.67
20,175,ARIES,EQ,30131,15445,51.26
20,176,ARIHANTACA,SM,4800,4800,100.00
20,177,ARIHANTCAP,EQ,23338,15514,66.48
20,178,ARIHANTSUP,EQ,157169,57864,36.82
20,179,ARISTO,SM,1600,1600,100.00
20,180,ARMANFIN,EQ,397028,129521,32.62
20,181,AROGRANITE,EQ,131372,60166,45.80
20,182,ARROWGREEN,EQ,418271,159744,38.19
20,183,ARSHIYA,EQ,503714,351211,69.72
20,184,ARTEMISMED,EQ,82662,53482,64.70
20,185,ARTNIRMAN,EQ,7281,5389,74.01
20,186,ARVEE,EQ,538,530,98.51
20,187,ARVIND,EQ,4738183,1645084,34.72
20,188,ARVINDFASN,EQ,655672,377564,57.58
20,189,ARVSMART,EQ,267221,210157,78.65
20,190,ASAHIINDIA,EQ,170085,133805,78.67
20,191,ASAHISONG,EQ,5769,3984,69.06
20,192,ASAL,EQ,22988,11005,47.87
20,193,ASALCBR,EQ,65752,34077,51.83
20,194,ASCOM,SM,500,500,100.00
20,195,ASHAPURMIN,EQ,152485,84422,55.36
20,196,ASHIANA,EQ,120080,60070,50.02
20,197,ASHIMASYN,EQ,57831,47790,82.64
20,198,ASHOKA,EQ,1608989,971000,60.35
20,199,ASHOKLEY,EQ,6761906,3360516,49.70
20,200,ASIANENE,EQ,81629,62445,76.50
20,201,ASIANHOTNR,EQ,2788,1932,69.30
20,202,ASIANPAINT,EQ,2349066,1595686,67.93
20,203,ASIANTILES,EQ,302605,165422,54.67
20,204,ASPINWALL,EQ,2779,1686,60.67
20,205,ASTEC,EQ,133773,83736,62.60
20,206,ASTERDM,EQ,436989,278440,63.72
20,207,ASTRAL,EQ,443608,229337,51.70
20,208,ASTRAMICRO,EQ,449842,214824,47.76
20,209,ASTRAZEN,EQ,119390,34905,29.24
20,210,ASTRON,EQ,67765,31300,46.19
20,211,ATALREAL,EQ,315146,75518,23.96
20,212,ATFL,EQ,3264,1887,57.81
20,213,ATGL,EQ,32048979,21368056,66.67
20,214,ATLANTA,EQ,21990,10347,47.05
20,215,ATUL,EQ,23018,8542,37.11
20,216,ATULAUTO,EQ,275230,94032,34.16
20,217,AUBANK,EQ,3839806,2672833,69.61
20,218,AUROIMPEX,ST,112000,104000,92.86
20,219,AUROPHARMA,EQ,3860137,1369816,35.49
20,220,AURUM,EQ,94649,72045,76.12
20,221,AURUMPP,E1,36987,36711,99.25
20,222,AUSOMENT,EQ,2790,2156,77.28
20,223,AUTOAXLES,EQ,13706,8021,58.52
20,224,AUTOBEES,EQ,35309,19407,54.96
20,225,AUTOIND,EQ,29406,19013,64.66
20,226,AVADHSUGAR,EQ,33709,10461,31.03
20,227,AVALON,EQ,362037,220702,60.96
20,228,AVANTIFEED,EQ,248912,163133,65.54
20,229,AVG,EQ,34798,7457,21.43
20,230,AVONMORE,EQ,41753,25482,61.03
20,231,AVROIND,EQ,14928,8814,59.04
20,232,AVTNPL,EQ,157996,96255,60.92
20,233,AWHCL,EQ,40538,26937,66.45
20,234,AWL,EQ,2571533,775857,30.17
20,235,AXISBANK,EQ,34757004,25329630,72.88
20,236,AXISBNKETF,EQ,599,392,65.44
20,237,AXISBPSETF,EQ,4360,2678,61.42
20,238,AXISCADES,EQ,51249,27135,52.95
20,239,AXISCETF,EQ,3184,2010,63.13
20,240,AXISGOLD,EQ,40504,26952,66.54
20,241,AXISHCETF,EQ,7642,5528,72.34
20,242,AXISILVER,EQ,32650,20086,61.52
20,243,AXISNIFTY,EQ,3821,2225,58.23
20,244,AXISTECETF,EQ,762,522,68.50
20,245,AXITA,EQ,2901549,1910007,65.83
20,246,AXSENSEX,EQ,8262,8244,99.78
20,247,AYMSYNTEX,EQ,22484,15180,67.51
20,248,BAGFILMS,EQ,63616,48948,76.94
20,249,BAHETI,SM,25500,21000,82.35
20,250,BAIDFIN,EQ,86204,4608,5.35
20,251,BAJAJ-AUTO,EQ,719613,574641,79.85
20,252,BAJAJCON,EQ,511106,217321,42.52
20,253,BAJAJELEC,EQ,87352,52423,60.01
20,254,BAJAJFINSV,EQ,1704213,1073060,62.97
20,255,BAJAJHCARE,EQ,102225,58438,57.17
20,256,BAJAJHIND,EQ,9553630,3685538,38.58
20,257,BAJAJHLDNG,EQ,181345,115175,63.51
20,258,BAJFINANCE,EQ,2147627,1569906,73.10
20,259,BALAJITELE,EQ,657775,379784,57.74
20,260,BALAMINES,EQ,44110,22066,50.02
20,261,BALAXI,EQ,4990,3080,61.72
20,262,BALKRISHNA,EQ,21114,11695,55.39
20,263,BALKRISIND,EQ,781049,432557,55.38
20,264,BALMLAWRIE,EQ,235022,141246,60.10
20,265,BALPHARMA,EQ,173400,58596,33.79
20,266,BALRAMCHIN,EQ,384052,131526,34.25
20,267,BANARBEADS,EQ,822,414,50.36
20,268,BANARISUG,EQ,916,628,68.56
20,269,BANCOINDIA,EQ,276351,153027,55.37
20,270,BANDHANBNK,EQ,12016687,8122846,67.60
20,271,BANG,EQ,28526,12720,44.59
20,272,BANKA,EQ,13698,6744,49.23
20,273,BANKBARODA,EQ,15821118,7280880,46.02
20,274,BANKBEES,EQ,612867,264043,43.08
20,275,BANKINDIA,EQ,6186430,2894355,46.79
20,276,BANSWRAS,EQ,65622,46924,71.51
20,277,BARBEQUE,EQ,106604,50669,47.53
20,278,BASF,EQ,38445,32168,83.67
20,279,BASML,EQ,66522,51166,76.92
20,280,BATAINDIA,EQ,239862,177645,74.06
20,281,BAYERCROP,EQ,16012,10656,66.55
20,282,BBETF0432,EQ,3895,3330,85.49
20,283,BBL,EQ,12798,6103,47.69
20,284,BBOX,EQ,226355,136357,60.24
20,285,BBTC,EQ,60438,35135,58.13
20,286,BBTCL,EQ,6667,3565,53.47
20,287,BCG,EQ,38685614,15783752,40.80
20,288,BCLIND,EQ,90508,41291,45.62
20,289,BCONCEPTS,EQ,33068,18631,56.34
20,290,BDL,EQ,878903,401636,45.70
20,291,BEARDSELL,EQ,100857,58214,57.72
20,292,BECTORFOOD,EQ,236849,96650,40.81
20,293,BEDMUTHA,EQ,5493,2967,54.01
20,294,BEL,EQ,15741522,9877013,62.74
20,295,BEML,EQ,195087,65698,33.68
20,296,BEPL,EQ,1685138,680786,40.40
20,297,BERGEPAINT,EQ,1397605,878665,62.87
20,298,BESTAGRO,EQ,208481,137612,66.01
20,299,BETA,SM,7200,6000,83.33
20,300,BEWLTD,SM,6750,5750,85.19
20,301,BFINVEST,EQ,11528,4953,42.96
20,302,BFUTILITIE,EQ,186915,51701,27.66
20,303,BGRENERGY,EQ,230085,131378,57.10
20,304,BHAGCHEM,EQ,2542,1643,64.63
20,305,BHAGERIA,EQ,11121,7413,66.66
20,306,BHAGYANGR,EQ,11120,8143,73.23
20,307,BHANDARI,EQ,266342,204710,76.86
20,308,BHARATFORG,EQ,1354337,878680,64.88
20,309,BHARATGEAR,EQ,59225,25318,42.75
20,310,BHARATRAS,EQ,3490,1607,46.05
20,311,BHARATWIRE,EQ,1658823,581301,35.04
20,312,BHARTIARTL,EQ,47342125,39253192,82.91
20,313,BHEL,EQ,14009026,5104755,36.44
20,314,BIGBLOC,EQ,107862,49133,45.55
20,315,BIKAJI,EQ,1123857,713295,63.47
20,316,BIL,EQ,75119,35226,46.89
20,317,BINANIIND,EQ,26074,18799,72.10
20,318,BIOCON,EQ,2814189,1043754,37.09
20,319,BIOFILCHEM,EQ,25781,17149,66.52
20,320,BIRET,RR,48221,40083,83.12
20,321,BIRLACABLE,EQ,167689,71400,42.58
20,322,BIRLACORPN,EQ,369149,165284,44.77
20,323,BIRLAMONEY,EQ,21523,13129,61.00
20,324,BLAL,EQ,212004,124435,58.69
20,325,BLBLIMITED,EQ,70727,58613,82.87
20,326,BLISSGVS,EQ,64572,30201,46.77
20,327,BLKASHYAP,EQ,441895,280221,63.41
20,328,BLS,EQ,3097164,868501,28.04
20,329,BLUEDART,EQ,24229,15658,64.63
20,330,BLUESTARCO,EQ,52931,30730,58.06
20,331,BMETRICS,SM,14800,12800,86.49
20,332,BODALCHEM,EQ,329591,210258,63.79
20,333,BOHRAIND,EQ,299,295,98.66
20,334,BOMDYEING,EQ,2280242,853060,37.41
20,335,BOROLTD,EQ,219419,99724,45.45
20,336,BORORENEW,EQ,1213727,421051,34.69
20,337,BOSCHLTD,EQ,14053,6212,44.20
20,338,BPCL,EQ,11607240,9468365,81.57
20,339,BPL,EQ,80848,44295,54.79
20,340,BRIGADE,EQ,397092,228133,57.45
20,341,BRIGHT,SM,168000,123000,73.21
20,342,BRITANNIA,EQ,1536463,1264713,82.31
20,343,BRITANNIA,N3,11308,6350,56.15
20,344,BRNL,EQ,21511,18553,86.25
20,345,BROOKS,EQ,32368,21175,65.42
20,346,BSE,EQ,2070290,752994,36.37
20,347,BSL,EQ,11030,8133,73.74
20,348,BSLGOLDETF,EQ,936190,928638,99.19
20,349,BSLNIFTY,EQ,76721,49070,63.96
20,350,BSLSENETFG,EQ,4552,3957,86.93
20,351,BSOFT,EQ,3074082,1308904,42.58
20,352,BTML,EQ,14635,8877,60.66
20,353,BURNPUR,EQ,104690,84022,80.26
20,354,BUTTERFLY,EQ,2015,1160,57.57
20,355,BVCL,EQ,54017,39034,72.26
20,356,BYKE,EQ,23758,15517,65.31
20,357,CAMLINFINE,EQ,365086,186006,50.95
20,358,CAMPUS,EQ,3795688,1978717,52.13
20,359,CAMS,EQ,114179,73003,63.94
20,360,CANBK,EQ,5536730,1602449,28.94
20,361,CANFINHOME,EQ,1383366,900616,65.10
20,362,CANTABIL,EQ,8782,2893,32.94
20,363,CAPACITE,EQ,962686,394174,40.95
20,364,CAPLIPOINT,EQ,75164,49773,66.22
20,365,CAPTRUST,EQ,4211,1705,40.49
20,366,CARBORUNIV,EQ,110815,71708,64.71
20,367,CAREERP,EQ,224738,105336,46.87
20,368,CARERATING,EQ,110533,61555,55.69
20,369,CARTRADE,EQ,32499,17965,55.28
20,370,CARYSIL,EQ,33337,14485,43.45
20,371,CASTROLIND,EQ,684921,541568,79.07
20,372,CCHHL,EQ,47868,38418,80.26
20,373,CCL,EQ,271553,182314,67.14
20,374,CDSL,EQ,2229585,687778,30.85
20,375,CEATLTD,EQ,340768,100537,29.50
20,376,CELEBRITY,EQ,38532,22027,57.17
20,377,CENTENKA,EQ,26041,16831,64.63
20,378,CENTEXT,EQ,200197,166292,83.06
20,379,CENTRALBK,EQ,5202014,1906692,36.65
20,380,CENTRUM,EQ,192827,125532,65.10
20,381,CENTUM,EQ,83741,23513,28.08
20,382,CENTURYPLY,EQ,267190,231584,86.67
20,383,CENTURYTEX,EQ,276894,209513,75.67
20,384,CERA,EQ,28836,15765,54.67
20,385,CEREBRAINT,EQ,875397,394439,45.06
20,386,CESC,EQ,1866329,944563,50.61
20,387,CGCL,EQ,277221,55605,20.06
20,388,CGPOWER,EQ,6088536,4739507,77.84
20,389,CHALET,EQ,320288,126988,39.65
20,390,CHAMBLFERT,EQ,891793,216362,24.26
20,391,CHEMBOND,EQ,40811,22568,55.30
20,392,CHEMCON,EQ,47528,26480,55.71
20,393,CHEMFAB,EQ,162108,71089,43.85
20,394,CHEMPLASTS,EQ,345791,171204,49.51
20,395,CHENNPETRO,EQ,1240362,493943,39.82
20,396,CHEVIOT,EQ,1494,968,64.79
20,397,CHOICEIN,EQ,1399426,184653,13.19
20,398,CHOLAFIN,EQ,2135788,1619967,75.85
20,399,CHOLAFIN,N0,27,17,62.96
20,400,CHOLAFIN,N2,10,10,100.00
20,401,CHOLAHLDNG,EQ,82011,49373,60.20
20,402,CIGNITITEC,EQ,108493,57470,52.97
20,403,CINELINE,EQ,49316,30647,62.14
20,404,CINEVISTA,EQ,97643,74326,76.12
20,405,CIPLA,EQ,3561991,2801671,78.65
20,406,CLEAN,EQ,118131,70149,59.38
20,407,CLEDUCATE,EQ,32562,22104,67.88
20,408,CLOUD,SM,543000,336000,61.88
20,409,CLSEL,EQ,229458,120317,52.44
20,410,CMNL,SM,66000,42000,63.64
20,411,CMRSL,SM,800,800,100.00
20,412,CMSINFO,EQ,343483,202556,58.97
20,413,COALINDIA,EQ,15727646,9323196,59.28
20,414,COASTCORP,EQ,71600,41670,58.20
20,415,COASTPP1,E1,293,281,95.90
20,416,COCHINSHIP,EQ,563399,263217,46.72
20,417,COFFEEDAY,EQ,1641304,617981,37.65
20,418,COFORGE,EQ,706949,393852,55.71
20,419,COLPAL,EQ,2804300,2357425,84.06
20,420,COMPINFO,EQ,272493,201422,73.92
20,421,COMPUSOFT,EQ,335675,264211,78.71
20,422,CONCOR,EQ,882663,638460,72.33
20,423,CONFIPET,EQ,1798650,806010,44.81
20,424,CONSOFINVT,EQ,19437,13100,67.40
20,425,CONSUMBEES,EQ,32457,25487,78.53
20,426,CONTI,SM,6666,6666,100.00
20,427,CONTROLPR,EQ,90900,49115,54.03
20,428,COOLCAPS,SM,3000,2750,91.67
20,429,CORALFINAC,EQ,24393,17119,70.18
20,430,CORDSCABLE,EQ,132335,59290,44.80
20,431,COROMANDEL,EQ,356528,225516,63.25
20,432,COSMOFIRST,EQ,41754,27753,66.47
20,433,COUNCODOS,EQ,39711,34913,87.92
20,434,CPSEETF,EQ,3906421,3580269,91.65
20,435,CRAFTSMAN,EQ,144669,58401,40.37
20,436,CREATIVE,EQ,8533,5716,66.99
20,437,CREATIVEYE,EQ,2588,2588,100.00
20,438,CREDITACC,EQ,328286,123007,37.47
20,439,CREDITACC,N3,38,38,100.00
20,440,CREST,EQ,4019,2791,69.45
20,441,CRISIL,EQ,91735,71504,77.95
20,442,CROMPTON,EQ,2521649,1831130,72.62
20,443,CROWN,EQ,1356,1350,99.56
20,444,CSBBANK,EQ,158703,95366,60.09
20,445,CSLFINANCE,EQ,14286,8810,61.67
20,446,CTE,EQ,157421,68283,43.38
20,447,CUB,EQ,2385148,1281486,53.73
20,448,CUMMINSIND,EQ,660502,334271,50.61
20,449,CUPID,EQ,35067,23485,66.97
20,450,CYBERMEDIA,EQ,5403,4566,84.51
20,451,CYBERTECH,EQ,129646,64044,49.40
20,452,CYIENT,EQ,813429,246382,30.29
20,453,DAAWAT,EQ,1546914,898842,58.11
20,454,DABUR,EQ,4905059,4190063,85.42
20,455,DALBHARAT,EQ,249154,109546,43.97
20,456,DALMIASUG,EQ,38881,21171,54.45
20,457,DAMODARIND,EQ,6606,5288,80.05
20,458,DANGEE,EQ,195200,143592,73.56
20,459,DATAMATICS,EQ,660621,166573,25.21
20,460,DATAPATTNS,EQ,202146,79089,39.12
20,461,DBCORP,EQ,495592,263217,53.11
20,462,DBL,EQ,38838976,2507835,6.46
20,463,DBOL,EQ,77818,42332,54.40
20,464,DBREALTY,EQ,1704471,701742,41.17
20,465,DBSTOCKBRO,EQ,2480,1116,45.00
20,466,DCAL,EQ,461118,233401,50.62
20,467,DCBBANK,EQ,853520,434495,50.91
20,468,DCI,EQ,6721,3700,55.05
20,469,DCM,EQ,124433,55715,44.78
20,470,DCMFINSERV,EQ,3291,2093,63.60
20,471,DCMNVL,EQ,13993,7805,55.78
20,472,DCMSHRIRAM,EQ,22957,14601,63.60
20,473,DCMSRIND,EQ,93854,58977,62.84
20,474,DCW,EQ,661861,498441,75.31
20,475,DCXINDIA,EQ,404961,219589,54.22
20,476,DECCANCE,EQ,19719,16613,84.25
20,477,DEEPAKFERT,EQ,564473,375633,66.55
20,478,DEEPAKNTR,EQ,281283,125002,44.44
20,479,DEEPENR,EQ,52826,34958,66.18
20,480,DEEPINDS,EQ,130389,54299,41.64
20,481,DELHIVERY,EQ,2375450,1790292,75.37
20,482,DELPHIFX,EQ,7348,3357,45.69
20,483,DELTACORP,EQ,2344769,702627,29.97
20,484,DELTAMAGNT,EQ,36406,24708,67.87
20,485,DEN,EQ,513174,255372,49.76
20,486,DENEERS,SM,9600,9600,100.00
20,487,DENORA,EQ,12784,6628,51.85
20,488,DESTINY,SM,30000,30000,100.00
20,489,DEVIT,EQ,402175,228052,56.70
20,490,DEVYANI,EQ,2937898,1715440,58.39
20,491,DGCONTENT,EQ,4731,2185,46.18
20,492,DHAMPURSUG,EQ,175206,75015,42.82
20,493,DHANBANK,EQ,1330863,585180,43.97
20,494,DHANI,EQ,13138043,7666571,58.35
20,495,DHANILOANS,N6,7,7,100.00
20,496,DHANILOANS,N8,152,152,100.00
20,497,DHANILOANS,NG,16,16,100.00
20,498,DHANILOANS,NU,81,81,100.00
20,499,DHANILOANS,NV,90,90,100.00
20,500,DHANILOANS,NX,11,11,100.00
20,501,DHANUKA,EQ,17571,11159,63.51
20,502,DHARMAJ,EQ,39792,17983,45.19
20,503,DHRUV,EQ,5169,3186,61.64
20,504,DHUNINV,EQ,1126,560,49.73
20,505,DIAMONDYD,EQ,3245,2318,71.43
20,506,DICIND,EQ,1305,628,48.12
20,507,DIGISPICE,EQ,65620,48349,73.68
20,508,DIL,EQ,2404985,1386576,57.65
20,509,DISHTV,EQ,13456510,5405737,40.17
20,510,DIVGIITTS,EQ,103829,49336,47.52
20,511,DIVISLAB,EQ,1861153,1332016,71.57
20,512,DIVOPPBEES,EQ,12893,8372,64.93
20,513,DIXON,EQ,1643397,253428,15.42
20,514,DJML,EQ,17078,12830,75.13
20,515,DKEGL,SM,6000,6000,100.00
20,516,DLF,EQ,10062142,7014842,69.72
20,517,DLINKINDIA,EQ,435313,210181,48.28
20,518,DMART,EQ,917960,681526,74.24
20,519,DMCC,EQ,22503,18109,80.47
20,520,DNAMEDIA,EQ,59292,40546,68.38
20,521,DODLA,EQ,28762,24403,84.84
20,522,DOLATALGO,EQ,177659,95683,53.86
20,523,DOLLAR,EQ,522201,189123,36.22
20,524,DOLLEX,SM,64000,56000,87.50
20,525,DONEAR,EQ,114563,36818,32.14
20,526,DPABHUSHAN,EQ,6712,5630,83.88
20,527,DPSCLTD,EQ,69141,39400,56.99
20,528,DPWIRES,EQ,451775,271140,60.02
20,529,DRCSYSTEMS,EQ,7574,4891,64.58
20,530,DREAMFOLKS,EQ,1078078,349446,32.41
20,531,DREDGECORP,EQ,14811,6676,45.07
20,532,DRREDDY,EQ,1262701,1042232,82.54
20,533,DSPBANKETF,EQ,884,864,97.74
20,534,DSPGOLDETF,EQ,100532,100489,99.96
20,535,DSPN50ETF,EQ,865,788,91.10
20,536,DSPNEWETF,EQ,7896,6744,85.41
20,537,DSPQ50ETF,EQ,1704,1405,82.45
20,538,DSPSILVETF,EQ,6915,6060,87.64
20,539,DSSL,EQ,167791,79782,47.55
20,540,DTIL,EQ,3350,2180,65.07
20,541,DUCOL,SM,6400,6400,100.00
20,542,DUCON,EQ,1222938,764835,62.54
20,543,DUGLOBAL,SM,2500,2500,100.00
20,544,DVL,EQ,27399,20669,75.44
20,545,DWARKESH,EQ,411167,161535,39.29
20,546,DYCL,EQ,218417,84214,38.56
20,547,DYNAMATECH,EQ,11719,5772,49.25
20,548,DYNAMIC,SM,116000,94000,81.03
20,549,DYNPRO,EQ,45540,20647,45.34
20,550,E2E,EQ,30521,15089,49.44
20,551,EASEMYTRIP,EQ,3243751,1689043,52.07
20,552,EBBETF0425,EQ,10532,9818,93.22
20,553,EBBETF0430,EQ,2682,2151,80.20
20,554,EBBETF0431,EQ,18268,16353,89.52
20,555,EBBETF0433,EQ,4201,3928,93.50
20,556,ECLERX,EQ,226291,96799,42.78
20,557,ECLFINANCE,NG,645,645,100.00
20,558,ECLFINANCE,NJ,25,25,100.00
20,559,ECLFINANCE,NK,110,110,100.00
20,560,ECLFINANCE,NO,70,70,100.00
20,561,ECLFINANCE,NP,2,0,0.00
20,562,ECLFINANCE,NQ,20,20,100.00
20,563,ECLFINANCE,NR,608,487,80.10
20,564,ECLFINANCE,NS,118,93,78.81
20,565,EDELWEISS,EQ,8157665,4816593,59.04
20,566,EHFLNCD,N6,1120,1120,100.00
20,567,EICHERMOT,EQ,1188672,854934,71.92
20,568,EIDPARRY,EQ,372585,233897,62.78
20,569,EIFFL,EQ,14735,11458,77.76
20,570,EIHAHOTELS,EQ,14848,6767,45.58
20,571,EIHOTEL,EQ,1149142,625161,54.40
20,572,EKC,EQ,360679,159052,44.10
20,573,ELDEHSG,EQ,558,463,82.97
20,574,ELECON,EQ,403108,142456,35.34
20,575,ELECTCAST,EQ,1277653,723921,56.66
20,576,ELECTHERM,EQ,1134501,314081,27.68
20,577,ELGIEQUIP,EQ,746226,331102,44.37
20,578,ELGIRUBCO,EQ,51281,30992,60.44
20,579,ELIN,EQ,689182,336449,48.82
20,580,EMAMILTD,BO,96549,96549,100.00
20,581,EMAMILTD,EQ,122569,75248,61.39
20,582,EMAMIPAP,EQ,15347,8259,53.82
20,583,EMAMIREAL,EQ,46806,33286,71.11
20,584,EMBASSY,RR,1501802,1244092,82.84
20,585,EMIL,EQ,242777,157790,64.99
20,586,EMKAY,EQ,24773,15985,64.53
20,587,EMKAYTOOLS,SM,4200,4200,100.00
20,588,EMMBI,EQ,222623,199188,89.47
20,589,EMUDHRA,EQ,158661,78629,49.56
20,590,ENDURANCE,EQ,36571,13745,37.58
20,591,ENERGYDEV,EQ,30128,19110,63.43
20,592,ENGINERSIN,EQ,4775128,1584202,33.18
20,593,ENIL,EQ,13991,9707,69.38
20,594,EPL,EQ,888456,543228,61.14
20,595,EQUITASBNK,EQ,11397485,6187652,54.29
20,596,ERIS,EQ,36332,19890,54.75
20,597,EROSMEDIA,EQ,403988,328527,81.32
20,598,ESABINDIA,EQ,17012,8400,49.38
20,599,ESCORTS,EQ,535402,191556,35.78
20,600,ESSARSHPNG,EQ,164691,90198,54.77
20,601,ESSENTIA,EQ,2377648,2226243,93.63
20,602,ESTER,EQ,177597,73314,41.28
20,603,ETHOSLTD,EQ,24258,9412,38.80
20,604,EUROBOND,SM,3000,3000,100.00
20,605,EUROTEXIND,EQ,517,517,100.00
20,606,EVEREADY,EQ,94115,51089,54.28
20,607,EVERESTIND,EQ,5951,2909,48.88
20,608,EXCEL,EQ,1226097,1146591,93.52
20,609,EXCELINDUS,EQ,9525,6448,67.70
20,610,EXIDEIND,EQ,3082027,1759642,57.09
20,611,EXPLEOSOL,EQ,150236,68255,45.43
20,612,EXXARO,EQ,76751,33453,43.59
20,613,FACT,EQ,223050,58821,26.37
20,614,FAIRCHEMOR,EQ,121828,52606,43.18
20,615,FAZE3Q,EQ,8410,5714,67.94
20,616,FCL,EQ,368754,170872,46.34
20,617,FCSSOFT,EQ,2393504,1448866,60.53
20,618,FDC,EQ,129265,68604,53.07
20,619,FEDERALBNK,EQ,9003220,4763481,52.91
20,620,FELIX,SM,75000,56000,74.67
20,621,FIBERWEB,EQ,149435,83164,55.65
20,622,FIDEL,SM,6000,3000,50.00
20,623,FIEMIND,EQ,97791,55126,56.37
20,624,FILATEX,EQ,190891,104855,54.93
20,625,FINCABLES,EQ,471921,218944,46.39
20,626,FINEORG,EQ,18323,9697,52.92
20,627,FINOPB,EQ,32897,18623,56.61
20,628,FINPIPE,EQ,990897,353280,35.65
20,629,FIVESTAR,EQ,182444,127497,69.88
20,630,FLEXITUFF,EQ,73375,64618,88.07
20,631,FLUOROCHEM,EQ,133247,98795,74.14
20,632,FMGOETZE,EQ,27211,15320,56.30
20,633,FMNL,EQ,40186,23550,58.60
20,634,FOCE,SM,200,200,100.00
20,635,FOCUS,EQ,19336,11473,59.33
20,636,FOODSIN,EQ,1328793,643118,48.40
20,637,FORCEMOT,EQ,1907014,272321,14.28
20,638,FORTIS,EQ,1334358,934091,70.00
20,639,FOSECOIND,EQ,8335,4701,56.40
20,640,FROG,SM,18800,14800,78.72
20,641,FSL,EQ,4105218,1324590,32.27
20,642,FUSION,EQ,901539,540197,59.92
20,643,GABRIEL,EQ,657729,311072,47.29
20,644,GAEL,EQ,598521,243396,40.67
20,645,GAIL,EQ,10176487,7675527,75.42
20,646,GAL,EQ,1000350,640506,64.03
20,647,GALAXYSURF,EQ,11385,6958,61.12
20,648,GALLANTT,EQ,50523,32645,64.61
20,649,GANDHITUBE,EQ,5028,3351,66.65
20,650,GANECOS,EQ,45881,25914,56.48
20,651,GANESHBE,EQ,389717,186132,47.76
20,652,GANESHHOUC,EQ,38865,29864,76.84
20,653,GANGAFORGE,EQ,468515,295392,63.05
20,654,GANGESSECU,EQ,6131,3758,61.30
20,655,GARFIBRES,EQ,4453,2458,55.20
20,656,GATEWAY,EQ,301773,194685,64.51
20,657,GATI,EQ,381720,163489,42.83
20,658,GEECEE,EQ,6145,4818,78.41
20,659,GEEKAYWIRE,EQ,60347,60347,100.00
20,660,GENCON,EQ,109872,91488,83.27
20,661,GENESYS,EQ,44226,25265,57.13
20,662,GENUSPAPER,EQ,179994,144452,80.25
20,663,GENUSPOWER,EQ,1362788,708558,51.99
20,664,GEOJITFSL,EQ,130817,84809,64.83
20,665,GEPIL,EQ,62524,29442,47.09
20,666,GESHIP,EQ,255466,156007,61.07
20,667,GFLLIMITED,EQ,68930,39994,58.02
20,668,GHCL,EQ,225194,182535,81.06
20,669,GICHSGFIN,EQ,158409,88034,55.57
20,670,GICRE,EQ,2039527,629098,30.85
20,671,GILLANDERS,EQ,11331,6134,54.13
20,672,GILLETTE,EQ,217733,188219,86.44
20,673,GILT5YBEES,EQ,226774,205857,90.78
20,674,GINNIFILA,EQ,20828,13424,64.45
20,675,GIPCL,EQ,607532,411526,67.74
20,676,GIRIRAJ,SM,600,600,100.00
20,677,GKWLIMITED,EQ,142,83,58.45
20,678,GLAND,EQ,277597,178230,64.20
20,679,GLAXO,EQ,32350,26195,80.97
20,680,GLENMARK,EQ,637663,395988,62.10
20,681,GLFL,EQ,3989,3989,100.00
20,682,GLOBAL,EQ,169498,66830,39.43
20,683,GLOBALVECT,EQ,23670,12738,53.81
20,684,GLOBE,EQ,531998,312629,58.77
20,685,GLOBUSSPR,EQ,90139,33062,36.68
20,686,GLS,EQ,89834,45418,50.56
20,687,GMBREW,EQ,32836,22938,69.86
20,688,GMDCLTD,EQ,3514434,1508914,42.93
20,689,GMMPFAUDLR,EQ,209209,158726,75.87
20,690,GMRINFRA,EQ,14188091,6968887,49.12
20,691,GMRP&UI,EQ,307993,253113,82.18
20,692,GNA,EQ,40035,27705,69.20
20,693,GNFC,EQ,775336,327727,42.27
20,694,GOACARBON,EQ,23141,9530,41.18
20,695,GOCLCORP,EQ,30258,14883,49.19
20,696,GOCOLORS,EQ,24432,12911,52.84
20,697,GODFRYPHLP,EQ,45526,22181,48.72
20,698,GODHA,EQ,219457,219457,100.00
20,699,GODREJAGRO,EQ,64420,44620,69.26
20,700,GODREJCP,EQ,1442220,1128556,78.25
20,701,GODREJIND,EQ,310986,196150,63.07
20,702,GODREJPROP,EQ,890001,480450,53.98
20,703,GOKEX,EQ,1180728,516666,43.76
20,704,GOKUL,EQ,43022,28593,66.46
20,705,GOKULAGRO,EQ,84447,62014,73.44
20,706,GOLDBEES,EQ,3035185,2187336,72.07
20,707,GOLDIAM,EQ,116985,74764,63.91
20,708,GOLDSHARE,EQ,61609,49922,81.03
20,709,GOLDSTAR,SM,36000,36000,100.00
20,710,GOLDTECH,EQ,33641,22621,67.24
20,711,GOODLUCK,EQ,523506,305453,58.35
20,712,GOODYEAR,EQ,42437,16318,38.45
20,713,GOYALALUM,EQ,181808,181808,100.00
20,714,GPIL,EQ,251999,163653,64.94
20,715,GPPL,EQ,827785,359819,43.47
20,716,GPTINFRA,EQ,101172,75914,75.03
20,717,GRANULES,EQ,785679,379814,48.34
20,718,GRAPHITE,EQ,1047159,319539,30.51
20,719,GRASIM,EQ,1212477,936012,77.20
20,720,GRAUWEIL,EQ,531443,234961,44.21
20,721,GRAVITA,EQ,399302,149847,37.53
20,722,GREAVESCOT,EQ,2415830,1315346,54.45
20,723,GREENLAM,EQ,113352,59734,52.70
20,724,GREENPANEL,EQ,535996,325708,60.77
20,725,GREENPLY,EQ,408502,208151,50.95
20,726,GREENPOWER,EQ,5444865,1784492,32.77
20,727,GRINDWELL,EQ,22178,13698,61.76
20,728,GRINFRA,EQ,145401,72513,49.87
20,729,GRMOVER,EQ,145368,77377,53.23
20,730,GROBTEA,EQ,89,89,100.00
20,731,GRPLTD,EQ,1176,1069,90.90
20,732,GRSE,EQ,327333,136137,41.59
20,733,GRWRHITECH,EQ,25810,12707,49.23
20,734,GSFC,EQ,3060997,1781302,58.19
20,735,GSLSU,EQ,203520,55335,27.19
20,736,GSPL,EQ,396888,225029,56.70
20,737,GSS,EQ,82172,55540,67.59
20,738,GSTL,SM,2000,2000,100.00
20,739,GTL,EQ,424953,254734,59.94
20,740,GTLINFRA,EQ,6527370,3338388,51.14
20,741,GTPL,EQ,16516,9079,54.97
20,742,GUFICBIO,EQ,74446,47744,64.13
20,743,GUJALKALI,EQ,65254,32559,49.90
20,744,GUJAPOLLO,EQ,8953,7129,79.63
20,745,GUJGASLTD,EQ,903085,558920,61.89
20,746,GULFOILLUB,EQ,27211,18175,66.79
20,747,GULFPETRO,EQ,31168,21046,67.52
20,748,GULPOLY,EQ,51827,27154,52.39
20,749,GVKPIL,EQ,1763269,1232713,69.91
20,750,HAL,EQ,11754368,7838943,66.69
20,751,HAPPSTMNDS,EQ,523030,333724,63.81
20,752,HARDWYN,EQ,104440,41447,39.68
20,753,HARIOMPIPE,EQ,202243,107831,53.32
20,754,HARRMALAYA,EQ,20712,14807,71.49
20,755,HARSHA,EQ,64324,30827,47.92
20,756,HATHWAY,EQ,1604276,584864,36.46
20,757,HATSUN,EQ,5437,2880,52.97
20,758,HAVELLS,EQ,2068480,1426234,68.95
20,759,HBANKETF,EQ,2254,2005,88.95
20,760,HBLPOWER,EQ,1911046,755411,39.53
20,761,HBSL,EQ,3358,1920,57.18
20,762,HCC,EQ,23623657,6832127,28.92
20,763,HCG,EQ,279789,170847,61.06
20,764,HCL-INSYS,EQ,174032,93362,53.65
20,765,HCLTECH,EQ,5967930,4575927,76.68
20,766,HDFC,EQ,17183308,14652872,85.27
20,767,HDFC,W3,233400,199800,85.60
20,768,HDFCAMC,EQ,463685,118962,25.66
20,769,HDFCBANK,EQ,21667135,6642898,30.66
20,770,HDFCBSE500,EQ,2344,1769,75.47
20,771,HDFCGROWTH,EQ,415,241,58.07
20,772,HDFCLIFE,EQ,10027475,5015600,50.02
20,773,HDFCLOWVOL,EQ,108,105,97.22
20,774,HDFCMFGETF,EQ,265245,169216,63.80
20,775,HDFCMID150,EQ,7163,7140,99.68
20,776,HDFCMOMENT,EQ,3006,2597,86.39
20,777,HDFCNEXT50,EQ,867,528,60.90
20,778,HDFCNIF100,EQ,486,433,89.09
20,779,HDFCNIFETF,EQ,25266,19140,75.75
20,780,HDFCNIFIT,EQ,1569,1228,78.27
20,781,HDFCPVTBAN,EQ,104,35,33.65
20,782,HDFCQUAL,EQ,4984,3488,69.98
20,783,HDFCSENETF,EQ,3945,3159,80.08
20,784,HDFCSILVER,EQ,78046,53448,68.48
20,785,HDFCSML250,EQ,110694,74695,67.48
20,786,HDFCVALUE,EQ,1880,1075,57.18
20,787,HEADSUP,EQ,135091,68408,50.64
20,788,HEALTHY,EQ,60285,23704,39.32
20,789,HECPROJECT,EQ,1572,851,54.13
20,790,HEG,EQ,207118,64666,31.22
20,791,HEIDELBERG,EQ,138153,68084,49.28
20,792,HEMIPROP,EQ,322436,202448,62.79
20,793,HERANBA,EQ,63994,32030,50.05
20,794,HERCULES,EQ,200335,36233,18.09
20,795,HERITGFOOD,EQ,335003,143817,42.93
20,796,HEROMOTOCO,EQ,773286,584651,75.61
20,797,HESTERBIO,EQ,5177,3118,60.23
20,798,HEUBACHIND,EQ,10590,5858,55.32
20,799,HEXATRADEX,EQ,862,666,77.26
20,800,HFCL,EQ,4363560,2215250,50.77
20,801,HGINFRA,EQ,95019,54726,57.59
20,802,HGS,EQ,11223,6389,56.93
20,803,HIKAL,EQ,872277,230140,26.38
20,804,HIL,EQ,75985,31388,41.31
20,805,HILTON,EQ,318476,144425,45.35
20,806,HIMATSEIDE,EQ,4325100,1814958,41.96
20,807,HINDALCO,EQ,22945527,17663851,76.98
20,808,HINDCOMPOS,EQ,16135,9974,61.82
20,809,HINDCON,EQ,11877,8126,68.42
20,810,HINDCOPPER,EQ,10170176,4600861,45.24
20,811,HINDMOTORS,EQ,965066,535586,55.50
20,812,HINDOILEXP,EQ,769075,263311,34.24
20,813,HINDPETRO,EQ,10030345,7354993,73.33
20,814,HINDUNILVR,EQ,3388305,2590949,76.47
20,815,HINDWAREAP,EQ,157578,83666,53.09
20,816,HINDZINC,EQ,343628,232593,67.69
20,817,HIRECT,EQ,51975,17402,33.48
20,818,HISARMETAL,EQ,26368,16421,62.28
20,819,HITECH,EQ,892063,483891,54.24
20,820,HITECHCORP,EQ,6094,3956,64.92
20,821,HITECHGEAR,EQ,10812,7242,66.98
20,822,HLEGLAS,EQ,44434,20156,45.36
20,823,HLVLTD,EQ,874357,419174,47.94
20,824,HMVL,EQ,188329,105131,55.82
20,825,HNDFDS,EQ,54316,43993,80.99
20,826,HNGSNGBEES,EQ,87531,66225,75.66
20,827,HOMEFIRST,EQ,305206,215016,70.45
20,828,HOMESFY,SM,2100,1800,85.71
20,829,HONAUT,EQ,992,439,44.25
20,830,HONDAPOWER,EQ,8859,3439,38.82
20,831,HOVS,EQ,8590,5375,62.57
20,832,HPAL,EQ,55871,15767,28.22
20,833,HPIL,EQ,5099,4975,97.57
20,834,HPL,EQ,122972,53771,43.73
20,835,HSCL,EQ,3420656,1181856,34.55
20,836,HTMEDIA,EQ,126388,86616,68.53
20,837,HUBTOWN,EQ,127939,75488,59.00
20,838,HUDCO,EQ,6342338,2230087,35.16
20,839,HUDCO,N5,100,100,100.00
20,840,HUDCO,N8,110,110,100.00
20,841,HUDCO,N9,658,638,96.96
20,842,HUDCO,ND,60,60,100.00
20,843,HUDCO,NE,176,160,90.91
20,844,HUHTAMAKI,EQ,212381,121900,57.40
20,845,IBMFNIFTY,EQ,491,276,56.21
20,846,IBREALEST,EQ,14552497,4843273,33.28
20,847,IBUCCREDIT,NB,295,295,100.00
20,848,IBUCCREDIT,ND,32,32,100.00
20,849,IBUCCREDIT,NO,569,568,99.82
20,850,IBULHSGFIN,EQ,7852031,2765260,35.22
20,851,IBULHSGFIN,N8,51,51,100.00
20,852,IBULHSGFIN,NG,1,1,100.00
20,853,IBULHSGFIN,NH,10,10,100.00
20,854,IBULHSGFIN,Y3,13,12,92.31
20,855,IBULHSGFIN,YN,172,172,100.00
20,856,IBULHSGFIN,YT,40,40,100.00
20,857,IBULHSGFIN,YX,10,10,100.00
20,858,IBULHSGFIN,Z2,25,25,100.00
20,859,IBULHSGFIN,Z7,10,10,100.00
20,860,IBULHSGFIN,ZK,1,1,100.00
20,861,IBULHSGFIN,ZP,2,2,100.00
20,862,ICEMAKE,EQ,107964,91279,84.55
20,863,ICICI10GS,EQ,36,0,0.00
20,864,ICICI500,EQ,36028,18807,52.20
20,865,ICICI5GSEC,EQ,2591,2560,98.80
20,866,ICICIALPLV,EQ,151529,108962,71.91
20,867,ICICIAUTO,EQ,500495,495809,99.06
20,868,ICICIB22,EQ,316341,235534,74.46
20,869,ICICIBANK,EQ,27254425,12163846,44.63
20,870,ICICIBANKN,EQ,87967,45351,51.55
20,871,ICICIBANKP,EQ,5783,4452,76.98
20,872,ICICICOMMO,EQ,19427,15687,80.75
20,873,ICICICONSU,EQ,29293,8784,29.99
20,874,ICICIFIN,EQ,36024,28058,77.89
20,875,ICICIFMCG,EQ,7464,5775,77.37
20,876,ICICIGI,EQ,923876,582802,63.08
20,877,ICICIGOLD,EQ,323397,252457,78.06
20,878,ICICIINFRA,EQ,9341,6744,72.20
20,879,ICICILIQ,EQ,139935,113294,80.96
20,880,ICICILOVOL,EQ,55231,49105,88.91
20,881,ICICIM150,EQ,14040,11228,79.97
20,882,ICICIMCAP,EQ,8478,6665,78.62
20,883,ICICIMOM30,EQ,5852,3773,64.47
20,884,ICICINF100,EQ,6336,5771,91.08
20,885,ICICINIFTY,EQ,440898,339341,76.97
20,886,ICICINV20,EQ,24124,17434,72.27
20,887,ICICINXT50,EQ,96806,84383,87.17
20,888,ICICIPHARM,EQ,11861,9268,78.14
20,889,ICICIPRULI,EQ,1846067,1154755,62.55
20,890,ICICISENSX,EQ,1567,1020,65.09
20,891,ICICISILVE,EQ,148376,93862,63.26
20,892,ICICITECH,EQ,193090,83806,43.40
20,893,ICIL,EQ,6133141,1066144,17.38
20,894,ICRA,EQ,3870,2983,77.08
20,895,IDBI,EQ,4177539,1415310,33.88
20,896,IDBIGOLD,EQ,181,156,86.19
20,897,IDEA,EQ,101093940,39278755,38.85
20,898,IDFC,EQ,9223491,5417487,58.74
20,899,IDFCFIRSTB,EQ,25124618,10482672,41.72
20,900,IDFNIFTYET,EQ,72,36,50.00
20,901,IEL,EQ,269489,165764,61.51
20,902,IEX,EQ,1993319,1008482,50.59
20,903,IFBAGRO,EQ,14623,8702,59.51
20,904,IFBIND,EQ,15635,7383,47.22
20,905,IFCI,EQ,7899430,2804807,35.51
20,906,IFGLEXPOR,EQ,20356,11689,57.42
20,907,IGARASHI,EQ,86095,45848,53.25
20,908,IGL,EQ,1649163,1114741,67.59
20,909,IGPL,EQ,14193,9808,69.10
20,910,IIFCL,N2,5,5,100.00
20,911,IIFCL,N4,40,36,90.00
20,912,IIFL,EQ,2057158,1270972,61.78
20,913,IIFL,NE,410,205,50.00
20,914,IIFL,NF,370,270,72.97
20,915,IIFL,NG,212,212,100.00
20,916,IIFL,NH,362,362,100.00
20,917,IIFL,NJ,25,25,100.00
20,918,IIFL,NL,87,87,100.00
20,919,IIFL,NM,502,351,69.92
20,920,IIFL,NO,56,56,100.00
20,921,IIFL,NS,6,3,50.00
20,922,IIFL,NU,50,50,100.00
20,923,IIFLSEC,EQ,280922,152009,54.11
20,924,IIHFL,N4,20,20,100.00
20,925,IIHFL,N5,425,415,97.65
20,926,IIHFL,N6,87,76,87.36
20,927,IIHFL,N9,140,130,92.86
20,928,IIHFL,NC,2035,2035,100.00
20,929,IITL,EQ,10207,7915,77.54
20,930,IMAGICAA,EQ,492932,276372,56.07
20,931,IMC1,N0,10,10,100.00
20,932,IMC1,N1,30,30,100.00
20,933,IMC1,N2,20,20,100.00
20,934,IMC1,N3,50,40,80.00
20,935,IMFA,EQ,290823,155398,53.43
20,936,IMPAL,EQ,731,593,81.12
20,937,IMPEXFERRO,EQ,62254,42280,67.92
20,938,INCREDFIN,N4,10,10,100.00
20,939,INCREDIBLE,EQ,2436,2010,82.51
20,940,INDBANK,EQ,57302,30142,52.60
20,941,INDHOTEL,EQ,17417007,13362555,76.72
20,942,INDIACEM,EQ,3618973,900548,24.88
20,943,INDIAGLYCO,EQ,85213,57366,67.32
20,944,INDIAMART,EQ,92572,30391,32.83
20,945,INDIANB,EQ,1275798,591200,46.34
20,946,INDIANCARD,EQ,2433,1512,62.15
20,947,INDIANHUME,EQ,21931,14480,66.03
20,948,INDIGO,EQ,3931180,3183964,80.99
20,949,INDIGOPNTS,EQ,103113,42514,41.23
20,950,INDIGRID,IV,294734,268216,91.00
20,951,INDIGRID,NJ,51,51,100.00
20,952,INDIGRID,NL,79,75,94.94
20,953,INDNIPPON,EQ,17188,11460,66.67
20,954,INDOAMIN,EQ,162677,86698,53.29
20,955,INDOBORAX,EQ,72342,41512,57.38
20,956,INDOCO,EQ,118770,72154,60.75
20,957,INDORAMA,EQ,26685,16287,61.03
20,958,INDOTECH,EQ,117936,59284,50.27
20,959,INDOTHAI,EQ,4264,1334,31.29
20,960,INDOWIND,EQ,368665,275115,74.62
20,961,INDSWFTLAB,EQ,147591,85924,58.22
20,962,INDSWFTLTD,EQ,52952,46644,88.09
20,963,INDTERRAIN,EQ,139534,74034,53.06
20,964,INDUSINDBK,EQ,2764078,1381234,49.97
20,965,INDUSTOWER,EQ,91351515,70836173,77.54
20,966,INFIBEAM,EQ,23452176,8713111,37.15
20,967,INFINIUM,SM,12000,8000,66.67
20,968,INFOBEAN,EQ,13113,9103,69.42
20,969,INFRABEES,EQ,8733,5304,60.74
20,970,INFY,EQ,17800782,12903356,72.49
20,971,INGERRAND,EQ,13585,6357,46.79
20,972,INNOVANA,SM,73200,73200,100.00
20,973,INNOVATIVE,ST,3000,3000,100.00
20,974,INOXGREEN,EQ,915752,500366,54.64
20,975,INOXWIND,EQ,3037774,883847,29.10
20,976,INSECTICID,EQ,58515,37189,63.55
20,977,INSPIRISYS,EQ,197365,165458,83.83
20,978,INTELLECT,EQ,872996,292608,33.52
20,979,INTENTECH,EQ,146298,103340,70.64
20,980,INTLCONV,EQ,144517,79434,54.97
20,981,INVENTURE,EQ,1556637,1051966,67.58
20,982,IOB,EQ,7096258,1780998,25.10
20,983,IOC,EQ,17157711,11378354,66.32
20,984,IOLCP,EQ,206445,77087,37.34
20,985,IONEXCHANG,EQ,27524,13629,49.52
20,986,IPCALAB,EQ,924542,406091,43.92
20,987,IPL,EQ,94350,48869,51.80
20,988,IRB,EQ,11900178,9484547,79.70
20,989,IRBINVIT,IV,298958,246716,82.53
20,990,IRCON,EQ,20465349,7131004,34.84
20,991,IRCTC,EQ,2740993,1009566,36.83
20,992,IREDA,N5,165,165,100.00
20,993,IRFC,EQ,25341934,6107268,24.10
20,994,IRFC,N9,270,270,100.00
20,995,IRFC,NA,520,520,100.00
20,996,IRFC,NC,11,11,100.00
20,997,IRFC,NE,2031,779,38.36
20,998,IRFC,NJ,2,1,50.00
20,999,IRFC,NK,1663,1663,100.00
20,1000,IRFC,NN,16,13,81.25
20,1001,IRIS,EQ,12267,7214,58.81
20,1002,IRISDOREME,EQ,54703,40589,74.20
20,1003,ISEC,EQ,166575,103894,62.37
20,1004,ISFT,EQ,8654,5966,68.94
20,1005,ISGEC,EQ,342835,131614,38.39
20,1006,ISHAN,SM,19200,12800,66.67
20,1007,ISMTLTD,EQ,173441,109800,63.31
20,1008,ITBEES,EQ,3206848,1966453,61.32
20,1009,ITC,EQ,14272292,6768661,47.43
20,1010,ITDC,EQ,20848,12234,58.68
20,1011,ITDCEM,EQ,3443752,1430383,41.54
20,1012,ITI,EQ,238112,87726,36.84
20,1013,IVC,EQ,1370606,910996,66.47
20,1014,IVZINGOLD,EQ,613,292,47.63
20,1015,IWEL,EQ,24698,11960,48.42
20,1016,IZMO,EQ,1262018,537942,42.63
20,1017,JAGRAN,EQ,173790,103624,59.63
20,1018,JAGSNPHARM,EQ,26473,14311,54.06
20,1019,JAICORPLTD,EQ,1137908,329292,28.94
20,1020,JAINAM,SM,2000,2000,100.00
20,1021,JAIPURKURT,EQ,11075,3069,27.71
20,1022,JAKHARIA,SM,46400,46400,100.00
20,1023,JALAN,SM,9000,9000,100.00
20,1024,JAMNAAUTO,EQ,1004841,670884,66.77
20,1025,JASH,EQ,3623,2350,64.86
20,1026,JAYAGROGN,EQ,40521,28292,69.82
20,1027,JAYBARMARU,EQ,13686,8472,61.90
20,1028,JAYNECOIND,EQ,255298,211260,82.75
20,1029,JAYSREETEA,EQ,9219,5802,62.94
20,1030,JBCHEPHARM,EQ,37422,21259,56.81
20,1031,JBMA,EQ,355380,145646,40.98
20,1032,JCHAC,EQ,27512,18355,66.72
20,1033,JETFREIGHT,EQ,66112,53068,80.27
20,1034,JFLLIFE,SM,14000,14000,100.00
20,1035,JHS,EQ,154136,109531,71.06
20,1036,JINDALPHOT,EQ,38356,16858,43.95
20,1037,JINDALPOLY,EQ,151610,53198,35.09
20,1038,JINDALSAW,EQ,18334493,3663984,19.98
20,1039,JINDALSTEL,EQ,3897562,2009168,51.55
20,1040,JINDRILL,EQ,131439,69729,53.05
20,1041,JINDWORLD,EQ,22356,9216,41.22
20,1042,JISLDVREQS,EQ,65130,50115,76.95
20,1043,JISLJALEQS,EQ,2312759,1187369,51.34
20,1044,J&KBANK,EQ,9817783,4087331,41.63
20,1045,JKCEMENT,EQ,140790,55968,39.75
20,1046,JKIL,EQ,131259,80708,61.49
20,1047,JKLAKSHMI,EQ,327576,179433,54.78
20,1048,JKPAPER,EQ,697682,446556,64.01
20,1049,JKTYRE,EQ,1406912,586569,41.69
20,1050,JMA,EQ,6401,3924,61.30
20,1051,JMFINANCIL,EQ,2462155,793460,32.23
20,1052,JOCIL,EQ,4446,3744,84.21
20,1053,JPASSOCIAT,EQ,11042199,3304521,29.93
20,1054,JPOLYINVST,EQ,67239,31084,46.23
20,1055,JPPOWER,EQ,71119903,26919101,37.85
20,1056,JSL,EQ,1129216,793851,70.30
20,1057,JSLL,SM,152000,112500,74.01
20,1058,JSWENERGY,EQ,1309255,548294,41.88
20,1059,JSWHL,EQ,373,262,70.24
20,1060,JSWISPL,EQ,399585,144330,36.12
20,1061,JSWSTEEL,EQ,14943096,12420058,83.12
20,1062,JTEKTINDIA,EQ,528695,187057,35.38
20,1063,JTLIND,EQ,94091,55252,58.72
20,1064,JUBLFOOD,EQ,2061546,1148785,55.72
20,1065,JUBLINDS,EQ,8819,4994,56.63
20,1066,JUBLINGREA,EQ,186672,109357,58.58
20,1067,JUBLPHARMA,EQ,229827,84340,36.70
20,1068,JUNIORBEES,EQ,96160,69466,72.24
20,1069,JUSTDIAL,EQ,269287,149765,55.62
20,1070,JWL,EQ,557380,344228,61.76
20,1071,JYOTHYLAB,EQ,251631,146916,58.39
20,1072,KABRAEXTRU,EQ,184677,93381,50.56
20,1073,KAJARIACER,EQ,373155,304397,81.57
20,1074,KAKATCEM,EQ,3819,2495,65.33
20,1075,KALPATPOWR,EQ,856110,428065,50.00
20,1076,KALYANKJIL,EQ,1777379,1284551,72.27
20,1077,KAMDHENU,EQ,128355,26565,20.70
20,1078,KAMOPAINTS,EQ,327906,67581,20.61
20,1079,KANANIIND,EQ,98728,54608,55.31
20,1080,KANDARP,SM,4000,4000,100.00
20,1081,KANORICHEM,EQ,12723,9100,71.52
20,1082,KANPRPLA,EQ,30539,21808,71.41
20,1083,KANSAINER,EQ,786950,486184,61.78
20,1084,KAPSTON,EQ,20381,15225,74.70
20,1085,KARMAENG,EQ,3840,3142,81.82
20,1086,KARURVYSYA,EQ,2730459,1392837,51.01
20,1087,KAUSHALYA,EQ,482820,304832,63.14
20,1088,KAYA,EQ,23901,16465,68.89
20,1089,KAYNES,EQ,503298,275604,54.76
20,1090,KBCGLOBAL,EQ,13497558,8300624,61.50
20,1091,KCK,SM,8000,8000,100.00
20,1092,KCP,EQ,116052,74942,64.58
20,1093,KCPSUGIND,EQ,342302,204844,59.84
20,1094,KDDL,EQ,8423,4227,50.18
20,1095,KEC,EQ,288049,110733,38.44
20,1096,KEI,EQ,156500,81329,51.97
20,1097,KELLTONTEC,EQ,1314222,815003,62.01
20,1098,KENNAMET,EQ,2366,1048,44.29
20,1099,KESORAMIND,EQ,554035,248709,44.89
20,1100,KEYFINSERV,EQ,8456,5044,59.65
20,1101,KFINTECH,EQ,824432,631679,76.62
20,1102,KHADIM,EQ,13170,8818,66.96
20,1103,KHAICHEM,EQ,97475,70042,71.86
20,1104,KHAITANLTD,EQ,24737,24737,100.00
20,1105,KHFM,SM,12400,6200,50.00
20,1106,KICL,EQ,447,360,80.54
20,1107,KIMS,EQ,368967,320176,86.78
20,1108,KINGFA,EQ,15608,7388,47.33
20,1109,KIOCL,EQ,29308,14004,47.78
20,1110,KIRIINDUS,EQ,99148,59129,59.64
20,1111,KIRLFER,EQ,72123,47693,66.13
20,1112,KIRLOSBROS,EQ,334509,136235,40.73
20,1113,KIRLOSENG,EQ,501917,418077,83.30
20,1114,KIRLOSIND,EQ,12697,9830,77.42
20,1115,KIRLPNU,EQ,49136,35645,72.54
20,1116,KITEX,EQ,133550,83987,62.89
20,1117,KKCL,EQ,23778,10493,44.13
20,1118,KMSUGAR,EQ,633795,295733,46.66
20,1119,KNAGRI,SM,35200,24000,68.18
20,1120,KNRCON,EQ,683793,395823,57.89
20,1121,KOKUYOCMLN,EQ,220622,140037,63.47
20,1122,KOLTEPATIL,EQ,1145970,393991,34.38
20,1123,KOPRAN,EQ,180821,64781,35.83
20,1124,KORE,SM,22000,22000,100.00
20,1125,KOTAKALPHA,EQ,104671,85401,81.59
20,1126,KOTAKBANK,EQ,88598126,61186415,69.06
20,1127,KOTAKBKETF,EQ,39074,20893,53.47
20,1128,KOTAKCONS,EQ,1535,1533,99.87
20,1129,KOTAKGOLD,EQ,207292,113331,54.67
20,1130,KOTAKIT,EQ,64481,43981,68.21
20,1131,KOTAKLOVOL,EQ,5225,3585,68.61
20,1132,KOTAKMID50,EQ,1718,520,30.27
20,1133,KOTAKMNC,EQ,2301,1596,69.36
20,1134,KOTAKNIFTY,EQ,18270,12840,70.28
20,1135,KOTAKNV20,EQ,4605,2189,47.54
20,1136,KOTAKPSUBK,EQ,12969,8037,61.97
20,1137,KOTAKSILVE,EQ,11767,10787,91.67
20,1138,KOTARISUG,EQ,121924,68403,56.10
20,1139,KOTHARIPET,EQ,56041,37168,66.32
20,1140,KOTHARIPRO,EQ,2229,1534,68.82
20,1141,KOTYARK,SM,4800,2800,58.33
20,1142,KOVAI,EQ,3467,1846,53.24
20,1143,KPIGREEN,EQ,151372,74319,49.10
20,1144,KPITTECH,EQ,3647832,961069,26.35
20,1145,KPRMILL,EQ,155722,78555,50.45
20,1146,KRBL,EQ,2423582,988985,40.81
20,1147,KREBSBIO,EQ,6997,3695,52.81
20,1148,KRIDHANINF,EQ,26277,19136,72.82
20,1149,KRISHANA,EQ,36023,32992,91.59
20,1150,KRISHCA,ST,86000,86000,100.00
20,1151,KRISHIVAL,SM,2000,2000,100.00
20,1152,KRISHNADEF,SM,37000,32000,86.49
20,1153,KRITI,EQ,31955,19808,61.99
20,1154,KRITIKA,EQ,358745,281874,78.57
20,1155,KRITINUT,EQ,18765,15515,82.68
20,1156,KRSNAA,EQ,239045,124279,51.99
20,1157,KSB,EQ,20861,15190,72.82
20,1158,KSCL,EQ,67186,45299,67.42
20,1159,KSHITIJPOL,EQ,384028,266983,69.52
20,1160,KSL,EQ,17722,10795,60.91
20,1161,KSOLVES,EQ,77473,39465,50.94
20,1162,KTKBANK,EQ,2169335,1095603,50.50
20,1163,KUANTUM,EQ,32578,19483,59.80
20,1164,LAGNAM,EQ,41730,15957,38.24
20,1165,LALPATHLAB,EQ,147747,74152,50.19
20,1166,LAMBODHARA,EQ,165067,70156,42.50
20,1167,LANDMARK,EQ,89231,37017,41.48
20,1168,LAOPALA,EQ,162670,82196,50.53
20,1169,LASA,EQ,51303,32644,63.63
20,1170,LATENTVIEW,EQ,1054478,501528,47.56
20,1171,LATTEYS,EQ,34448,28204,81.87
20,1172,LAURUSLABS,EQ,1157152,334476,28.91
20,1173,LAXMICOT,EQ,13094,8008,61.16
20,1174,LAXMIMACH,EQ,16804,9986,59.43
20,1175,LCCINFOTEC,EQ,21475,18131,84.43
20,1176,LEMERITE,SM,33600,27200,80.95
20,1177,LEMONTREE,EQ,20271492,7453537,36.77
20,1178,LEXUS,EQ,19816,13969,70.49
20,1179,LFIC,EQ,4718,3423,72.55
20,1180,LGBBROSLTD,EQ,27704,15432,55.70
20,1181,LGBFORGE,EQ,50323,38670,76.84
20,1182,LGHL,SM,272000,272000,100.00
20,1183,LIBAS,EQ,35726,25170,70.45
20,1184,LIBERTSHOE,EQ,215942,107439,49.75
20,1185,LICHSGFIN,EQ,780347,387426,49.65
20,1186,LICI,EQ,720695,386643,53.65
20,1187,LICNETFGSC,EQ,92174,88933,96.48
20,1188,LICNETFN50,EQ,605,566,93.55
20,1189,LICNETFSEN,EQ,272,250,91.91
20,1190,LICNFNHGP,EQ,130,119,91.54
20,1191,LIKHITHA,EQ,115031,61063,53.08
20,1192,LINC,EQ,55818,31148,55.80
20,1193,LINCOLN,EQ,105907,50531,47.71
20,1194,LINDEINDIA,EQ,20105,10917,54.30
20,1195,LIQUIDBEES,EQ,1789706,1311115,73.26
20,1196,LIQUIDETF,EQ,178944,79078,44.19
20,1197,LLOYDS,SM,36000,36000,100.00
20,1198,LODHA,EQ,991117,401127,40.47
20,1199,LOKESHMACH,EQ,129481,70196,54.21
20,1200,LOTUSEYE,EQ,4670,2474,52.98
20,1201,LOVABLE,EQ,43618,22381,51.31
20,1202,LOYALTEX,EQ,2688,2376,88.39
20,1203,LPDC,EQ,19475,14593,74.93
20,1204,LRRPL,SM,12000,12000,100.00
20,1205,LSIL,EQ,3915862,1598150,40.81
20,1206,LT,EQ,2809284,2131481,75.87
20,1207,L&TFH,EQ,5444298,2245449,41.24
20,1208,L&TFINANCE,NE,175,175,100.00
20,1209,L&TFINANCE,NO,100,100,100.00
20,1210,L&TFINANCE,NS,19,19,100.00
20,1211,L&TFINANCE,NU,90,90,100.00
20,1212,L&TFINANCE,NW,90,90,100.00
20,1213,L&TFINANCE,Y5,372,354,95.16
20,1214,L&TFINANCE,Y7,155,119,76.77
20,1215,L&TFINANCE,Y9,31,31,100.00
20,1216,LTGILTBEES,EQ,127626,120406,94.34
20,1217,LTIM,EQ,512681,270936,52.85
20,1218,LTTS,EQ,178837,52331,29.26
20,1219,LUMAXIND,EQ,10311,6276,60.87
20,1220,LUMAXTECH,EQ,1518915,837702,55.15
20,1221,LUPIN,EQ,1122072,606604,54.06
20,1222,LUXIND,EQ,94226,39064,41.46
20,1223,LXCHEM,EQ,214079,111405,52.04
20,1224,LYKALABS,EQ,147596,98319,66.61
20,1225,LYPSAGEMS,EQ,3953,2983,75.46
20,1226,MAANALU,EQ,212943,97028,45.57
20,1227,MACPOWER,EQ,24100,13693,56.82
20,1228,MADHAV,EQ,15047,13101,87.07
20,1229,MADHAVBAUG,SM,2400,2400,100.00
20,1230,MADHUCON,EQ,17664,11280,63.86
20,1231,MADRASFERT,EQ,201155,81108,40.32
20,1232,MAESGETF,EQ,3947,2826,71.60
20,1233,MAFANG,EQ,942182,775794,82.34
20,1234,MAFSETF,EQ,150011,111803,74.53
20,1235,MAGADSUGAR,EQ,15182,6960,45.84
20,1236,MAGNUM,EQ,4241216,2263693,53.37
20,1237,MAGOLDETF,EQ,127,97,76.38
20,1238,MAGS813ETF,EQ,818,817,99.88
20,1239,MAHABANK,EQ,15367876,4713379,30.67
20,1240,MAHAPEXLTD,EQ,7806,4182,53.57
20,1241,MAHASTEEL,EQ,19734,9643,48.86
20,1242,MAHEPC,EQ,30089,14878,49.45
20,1243,MAHESHWARI,EQ,26572,17378,65.40
20,1244,MAHICKRA,SM,12000,9000,75.00
20,1245,MAHINDCIE,EQ,1440537,854445,59.31
20,1246,MAHKTECH,EQ,1333541,770435,57.77
20,1247,MAHLIFE,EQ,950026,341639,35.96
20,1248,MAHLOG,EQ,71925,51190,71.17
20,1249,MAHSCOOTER,EQ,11884,8361,70.36
20,1250,MAHSEAMLES,EQ,1059938,698224,65.87
20,1251,MAITHANALL,EQ,13982,6422,45.93
20,1252,MAKS,SM,12000,12000,100.00
20,1253,MALLCOM,EQ,20938,12545,59.91
20,1254,MALUPAPER,EQ,16303,7859,48.21
20,1255,MAM150ETF,EQ,651427,571146,87.68
20,1256,MAMFGETF,EQ,20438,18572,90.87
20,1257,MAN50ETF,EQ,11999,10139,84.50
20,1258,MANAKALUCO,EQ,33160,19490,58.78
20,1259,MANAKCOAT,EQ,92011,63313,68.81
20,1260,MANAKSIA,EQ,804270,396430,49.29
20,1261,MANAKSTEEL,EQ,46191,27070,58.60
20,1262,MANALIPETC,EQ,251412,170609,67.86
20,1263,MANAPPURAM,EQ,5633664,3023770,53.67
20,1264,MANAV,SM,8000,8000,100.00
20,1265,MANGALAM,EQ,60280,23713,39.34
20,1266,MANGCHEFER,EQ,138864,87438,62.97
20,1267,MANGLMCEM,EQ,113588,72188,63.55
20,1268,MANINDS,EQ,567799,191039,33.65
20,1269,MANINFRA,EQ,653213,427963,65.52
20,1270,MANKIND,EQ,879563,432441,49.17
20,1271,MANORG,EQ,1987,1191,59.94
20,1272,MANUGRAPH,EQ,17639,12174,69.02
20,1273,MANV30F,EQ,3210,3209,99.97
20,1274,MANXT50,EQ,1559,904,57.99
20,1275,MANYAVAR,EQ,99807,57994,58.11
20,1276,MAPMYINDIA,EQ,59520,34588,58.11
20,1277,MARALOVER,EQ,11096,4192,37.78
20,1278,MARATHON,EQ,33049,16223,49.09
20,1279,MARICO,EQ,2583502,1667023,64.53
20,1280,MARINE,EQ,734831,480677,65.41
20,1281,MARKSANS,EQ,14092594,4514612,32.04
20,1282,MARSHALL,EQ,602196,265781,44.14
20,1283,MARUTI,EQ,1614766,1306888,80.93
20,1284,MASFIN,EQ,11918,6163,51.71
20,1285,MASPTOP50,EQ,516160,474970,92.02
20,1286,MASTEK,EQ,204647,114290,55.85
20,1287,MATRIMONY,EQ,27911,15857,56.81
20,1288,MAWANASUG,EQ,241998,102496,42.35
20,1289,MAXHEALTH,EQ,101078986,70313658,69.56
20,1290,MAXIND,EQ,218353,147258,67.44
20,1291,MAXVIL,EQ,76544,41054,53.63
20,1292,MAYURUNIQ,EQ,23116,14469,62.59
20,1293,MAZDA,EQ,34108,12927,37.90
20,1294,MAZDOCK,EQ,3790328,797775,21.05
20,1295,MBAPL,EQ,4573,3025,66.15
20,1296,MBLINFRA,EQ,32144,32144,100.00
20,1297,MCDOWELL-N,EQ,1533930,1079832,70.40
20,1298,MCL,EQ,9482,6804,71.76
20,1299,MCLEODRUSS,EQ,407606,235547,57.79
20,1300,MCON,SM,39000,33000,84.62
20,1301,MCX,EQ,308665,100464,32.55
20,1302,MDL,SM,66000,66000,100.00
20,1303,MEDANTA,EQ,1025474,641855,62.59
20,1304,MEDICAMEQ,EQ,19049,8244,43.28
20,1305,MEDICO,EQ,248713,129491,52.06
20,1306,MEDPLUS,EQ,335805,175359,52.22
20,1307,MEGASOFT,EQ,134006,69345,51.75
20,1308,MEGASTAR,EQ,48473,24681,50.92
20,1309,MENONBE,EQ,540675,251773,46.57
20,1310,MEP,EQ,154430,103893,67.28
20,1311,METROBRAND,EQ,119949,35573,29.66
20,1312,METROPOLIS,EQ,233397,57394,24.59
20,1313,MFL,EQ,28531,16475,57.74
20,1314,MFSL,EQ,724020,441981,61.05
20,1315,MGL,EQ,281106,128981,45.88
20,1316,MHHL,SM,87000,66000,75.86
20,1317,MHLXMIRU,EQ,28719,16546,57.61
20,1318,MHRIL,EQ,427894,241423,56.42
20,1319,MID150BEES,EQ,207860,91437,43.99
20,1320,MIDHANI,EQ,298044,148917,49.96
20,1321,MINDACORP,EQ,498111,239650,48.11
20,1322,MINDPOOL,SM,1000,1000,100.00
20,1323,MINDSPACE,RR,1126286,1025910,91.09
20,1324,MINDTECK,EQ,23789,9700,40.78
20,1325,MIRCELECTR,EQ,392366,206984,52.75
20,1326,MITCON,EQ,9656,6694,69.32
20,1327,MITTAL,EQ,55190,45931,83.22
20,1328,M&M,EQ,5629378,4673086,83.01
20,1329,M&MFIN,EQ,3906848,2685533,68.74
20,1330,M&MFIN,N2,137,137,100.00
20,1331,MMFL,EQ,9703,7287,75.10
20,1332,MMP,EQ,22890,15644,68.34
20,1333,MMTC,EQ,589601,320973,54.44
20,1334,MODISONLTD,EQ,49958,25270,50.58
20,1335,MOGSEC,EQ,16914,13978,82.64
20,1336,MOHEALTH,EQ,1384,1323,95.59
20,1337,MOHITIND,EQ,30345,26759,88.18
20,1338,MOIL,EQ,70361,37378,53.12
20,1339,MOKSH,EQ,36046,34072,94.52
20,1340,MOL,EQ,264430,156455,59.17
20,1341,MOLDTECH,EQ,111141,57730,51.94
20,1342,MOLDTKPAC,EQ,110904,97708,88.10
20,1343,MOLOWVOL,EQ,1047,504,48.14
20,1344,MOM100,EQ,222967,167624,75.18
20,1345,MOM50,EQ,580,328,56.55
20,1346,MOMENTUM,EQ,1480,1240,83.78
20,1347,MOMOMENTUM,EQ,12644,6395,50.58
20,1348,MON100,EQ,698052,517198,74.09
20,1349,MONARCH,EQ,39492,11076,28.05
20,1350,MONQ50,EQ,35786,27404,76.58
20,1351,MONTECARLO,EQ,230439,63192,27.42
20,1352,MORARJEE,EQ,7339,6030,82.16
20,1353,MOREPENLAB,EQ,1537450,538804,35.05
20,1354,MOS,SM,70400,46400,65.91
20,1355,MOTHERSON,EQ,28132124,22247198,79.08
20,1356,MOTILALOFS,EQ,65000,32888,50.60
20,1357,MOTOGENFIN,EQ,5145,1102,21.42
20,1358,MOVALUE,EQ,50,42,84.00
20,1359,MOXSH,SM,2400,2400,100.00
20,1360,MPHASIS,EQ,1212827,836013,68.93
20,1361,MPSLTD,EQ,41075,18199,44.31
20,1362,MRF,EQ,13323,6987,52.44
20,1363,MRO-TEK,EQ,3533,2318,65.61
20,1364,MRPL,EQ,2705886,1203665,44.48
20,1365,MSPL,EQ,467979,259698,55.49
20,1366,MSTCLTD,EQ,143314,90141,62.90
20,1367,MSUMI,EQ,8099709,5783449,71.40
20,1368,MTARTECH,EQ,81191,44199,54.44
20,1369,MTNL,EQ,513676,338150,65.83
20,1370,MUKANDLTD,EQ,64808,46347,71.51
20,1371,MUKTAARTS,EQ,34300,17402,50.73
20,1372,MUNJALAU,EQ,293588,166760,56.80
20,1373,MUNJALSHOW,EQ,267903,141220,52.71
20,1374,MURUDCERA,EQ,61694,40817,66.16
20,1375,MUTHOOTCAP,EQ,252787,171998,68.04
20,1376,MUTHOOTFIN,EQ,526630,318676,60.51
20,1377,MWL,SM,8400,8400,100.00
20,1378,NABARD,N2,325,225,69.23
20,1379,NACLIND,EQ,510858,215200,42.13
20,1380,NAGAFERT,EQ,417034,367473,88.12
20,1381,NAGREEKCAP,EQ,33045,22685,68.65
20,1382,NAGREEKEXP,EQ,42876,27331,63.74
20,1383,NAHARCAP,EQ,7005,4272,60.99
20,1384,NAHARINDUS,EQ,30660,18757,61.18
20,1385,NAHARPOLY,EQ,42065,27733,65.93
20,1386,NAHARSPING,EQ,78919,54850,69.50
20,1387,NAM-INDIA,EQ,463927,277629,59.84
20,1388,NARMADA,EQ,16568,6090,36.76
20,1389,NATCOPHARM,EQ,545569,317275,58.15
20,1390,NATHBIOGEN,EQ,11775,7042,59.80
20,1391,NATIONALUM,EQ,7278592,2803440,38.52
20,1392,NAUKRI,EQ,1396470,859529,61.55
20,1393,NAVA,EQ,279680,133948,47.89
20,1394,NAVIFIN,N1,95,95,100.00
20,1395,NAVIFIN,N2,15,15,100.00
20,1396,NAVINFLUOR,EQ,52508,18676,35.57
20,1397,NAVKARCORP,EQ,521207,303707,58.27
20,1398,NAVNETEDUL,EQ,346380,190215,54.92
20,1399,NAZARA,EQ,505718,224955,44.48
20,1400,NBCC,EQ,5709894,2709839,47.46
20,1401,NBIFIN,EQ,25,18,72.00
20,1402,NCC,EQ,10852102,4738704,43.67
20,1403,NCLIND,EQ,307255,184615,60.09
20,1404,NDL,EQ,136130,83936,61.66
20,1405,NDLVENTURE,EQ,4867,3258,66.94
20,1406,NDRAUTO,EQ,117269,28941,24.68
20,1407,NDTV,EQ,3806793,1488349,39.10
20,1408,NECCLTD,EQ,53447,38032,71.16
20,1409,NECLIFE,EQ,125256,80351,64.15
20,1410,NELCAST,EQ,129491,75204,58.08
20,1411,NELCO,EQ,51322,21190,41.29
20,1412,NEOGEN,EQ,52902,23736,44.87
20,1413,NESCO,EQ,72372,43215,59.71
20,1414,NESTLEIND,EQ,424794,350222,82.45
20,1415,NETF,EQ,5782,5424,93.81
20,1416,NETWORK18,EQ,1058207,370589,35.02
20,1417,NEULANDLAB,EQ,24872,11482,46.16
20,1418,NEWGEN,EQ,284724,124792,43.83
20,1419,NEXTMEDIA,EQ,5551,5551,100.00
20,1420,NFL,EQ,2134079,723138,33.89
20,1421,NGIL,EQ,6398,5709,89.23
20,1422,NGLFINE,EQ,2270,1515,66.74
20,1423,NH,EQ,463829,215897,46.55
20,1424,NHAI,N6,250,200,80.00
20,1425,NHAI,N8,3,3,100.00
20,1426,NHAI,N9,876,876,100.00
20,1427,NHAI,NA,520,520,100.00
20,1428,NHAI,NC,25,25,100.00
20,1429,NHAI,ND,500,250,50.00
20,1430,NHAI,NE,92,92,100.00
20,1431,NHBTF2014,N5,7,7,100.00
20,1432,NHBTF2014,N6,30,30,100.00
20,1433,NHBTF2023,N3,101,101,100.00
20,1434,NHIT,N1,331,331,100.00
20,1435,NHIT,N2,40,40,100.00
20,1436,NHIT,N3,1310,1310,100.00
20,1437,NHPC,EQ,8416556,4722509,56.11
20,1438,NIACL,EQ,1522186,343506,22.57
20,1439,NIBL,EQ,21249,16054,75.55
20,1440,NIDAN,SM,4000,3000,75.00
20,1441,NIF100BEES,EQ,42819,32531,75.97
20,1442,NIFTYBEES,EQ,2588389,1883097,72.75
20,1443,NIFTYQLITY,EQ,23413,22754,97.19
20,1444,NIITLTD,EQ,780601,360623,46.20
20,1445,NILAINFRA,EQ,146052,88745,60.76
20,1446,NILASPACES,EQ,215005,93796,43.63
20,1447,NILKAMAL,EQ,4171,2684,64.35
20,1448,NINSYS,EQ,6946,4998,71.96
20,1449,NIPPOBATRY,EQ,1094,573,52.38
20,1450,NIRAJ,EQ,13245,7106,53.65
20,1451,NIRMAN,SM,24000,24000,100.00
20,1452,NITCO,EQ,30306,16590,54.74
20,1453,NITINSPIN,EQ,69844,43636,62.48
20,1454,NITIRAJ,EQ,2187,1181,54.00
20,1455,NKIND,EQ,37,24,64.86
20,1456,NLCINDIA,EQ,5017274,2346442,46.77
20,1457,NMDC,EQ,6739068,3933638,58.37
20,1458,NOCIL,EQ,2088363,1723387,82.52
20,1459,NOIDATOLL,EQ,50867,45376,89.21
20,1460,NORBTEAEXP,EQ,7152,3796,53.08
20,1461,NOVARTIND,EQ,11997,9887,82.41
20,1462,NPBET,EQ,118,60,50.85
20,1463,NPST,SM,2800,2800,100.00
20,1464,NRAIL,EQ,45335,21334,47.06
20,1465,NRBBEARING,EQ,4269608,1093151,25.60
20,1466,NRL,EQ,36844,26194,71.09
20,1467,NSIL,EQ,658,457,69.45
20,1468,NSLNISP,EQ,30180639,20735345,68.70
20,1469,NTPC,EQ,41785992,33889558,81.10
20,1470,NTPC,N3,700,700,100.00
20,1471,NTPC,N6,120,120,100.00
20,1472,NTPC,N7,7670,7645,99.67
20,1473,NUCLEUS,EQ,562068,130959,23.30
20,1474,NURECA,EQ,24407,11456,46.94
20,1475,NUVOCO,EQ,55858,25207,45.13
20,1476,NV20BEES,EQ,10254,8694,84.79
20,1477,NXST,RR,196546,189832,96.58
20,1478,NYKAA,EQ,5233746,2966451,56.68
20,1479,OAL,EQ,11896,8372,70.38
20,1480,OBCL,EQ,18209,11938,65.56
20,1481,OBEROIRLTY,EQ,828343,563779,68.06
20,1482,OCCL,EQ,5584,4086,73.17
20,1483,OFSS,EQ,73757,40902,55.46
20,1484,OIL,EQ,1376739,822422,59.74
20,1485,OILCOUNTUB,EQ,21558,14731,68.33
20,1486,OLECTRA,EQ,3684776,960066,26.05
20,1487,OMAXE,EQ,159288,23993,15.06
20,1488,OMFURN,SM,12000,12000,100.00
20,1489,OMINFRAL,EQ,43901,28342,64.56
20,1490,ONELIFECAP,EQ,221482,114802,51.83
20,1491,ONEPOINT,EQ,803569,466363,58.04
20,1492,ONGC,EQ,83741017,67090380,80.12
20,1493,ONMOBILE,EQ,844698,389524,46.11
20,1494,ONWARDTEC,EQ,132791,44854,33.78
20,1495,OPTIEMUS,EQ,119359,63168,52.92
20,1496,ORBTEXP,EQ,19222,13533,70.40
20,1497,ORICONENT,EQ,300408,175881,58.55
20,1498,ORIENTABRA,EQ,58159,41181,70.81
20,1499,ORIENTALTL,EQ,17004,9969,58.63
20,1500,ORIENTBELL,EQ,6913,3594,51.99
20,1501,ORIENTCEM,EQ,1187996,638258,53.73
20,1502,ORIENTELEC,EQ,195169,93195,47.75
20,1503,ORIENTHOT,EQ,811939,241390,29.73
20,1504,ORIENTLTD,EQ,2933,1929,65.77
20,1505,ORIENTPPR,EQ,839541,442194,52.67
20,1506,ORISSAMINE,EQ,1906,965,50.63
20,1507,ORTINLAB,EQ,11205,9053,80.79
20,1508,OSIAHYPER,EQ,1398543,385647,27.57
20,1509,OSWALAGRO,EQ,29561,22054,74.61
20,1510,OSWALGREEN,EQ,132309,109698,82.91
20,1511,OSWALSEEDS,EQ,17666,3652,20.67
20,1512,PAGEIND,EQ,53318,18927,35.50
20,1513,PAISALO,EQ,1098601,621786,56.60
20,1514,PALASHSECU,EQ,3526,2658,75.38
20,1515,PALREDTEC,EQ,15560,9139,58.73
20,1516,PANACEABIO,EQ,40717,29216,71.75
20,1517,PANACHE,EQ,6811,5116,75.11
20,1518,PANAMAPET,EQ,160054,99184,61.97
20,1519,PANSARI,EQ,1096,1039,94.80
20,1520,PAR,EQ,8699,6236,71.69
20,1521,PARACABLES,EQ,146358,110713,75.65
20,1522,PARADEEP,EQ,1760649,1150700,65.36
20,1523,PARAGMILK,EQ,363268,260568,71.73
20,1524,PARAS,EQ,81653,43437,53.20
20,1525,PARSVNATH,EQ,54287,40387,74.40
20,1526,PARTYCRUS,SM,6000,6000,100.00
20,1527,PASHUPATI,SM,1600,1600,100.00
20,1528,PASUPTAC,EQ,44175,33661,76.20
20,1529,PATINTLOG,EQ,368485,278983,75.71
20,1530,PATTECH,SM,6000,6000,100.00
20,1531,PAVNAIND,SM,10400,10400,100.00
20,1532,PAYTM,EQ,1303929,752708,57.73
20,1533,PCBL,EQ,1204229,614245,51.01
20,1534,PCHFL,N6,1,1,100.00
20,1535,PCJEWELLER,EQ,4162331,3115424,74.85
20,1536,PDMJEPAPER,EQ,75781,42022,55.45
20,1537,PDSL,EQ,35967,19459,54.10
20,1538,PEARLPOLY,EQ,64185,49870,77.70
20,1539,PEL,EQ,560927,171486,30.57
20,1540,PENIND,EQ,413559,210501,50.90
20,1541,PENINLAND,EQ,112959,107064,94.78
20,1542,PERFECT,SM,108000,96000,88.89
20,1543,PERSISTENT,EQ,330284,143993,43.60
20,1544,PETRONET,EQ,6984817,6246930,89.44
20,1545,PFC,EQ,11030532,5377380,48.75
20,1546,PFC,N3,136,111,81.62
20,1547,PFC,N8,30,30,100.00
20,1548,PFIZER,EQ,8303,3810,45.89
20,1549,PFOCUS,EQ,1278987,806597,63.07
20,1550,PFS,EQ,649557,516770,79.56
20,1551,PGEL,EQ,91924,47620,51.80
20,1552,PGHH,EQ,13242,10474,79.10
20,1553,PGHL,EQ,7872,4956,62.96
20,1554,PGIL,EQ,17981,11818,65.72
20,1555,PGINVIT,IV,862121,775597,89.96
20,1556,PHANTOMFX,SM,27600,19800,71.74
20,1557,PHARMABEES,EQ,2404069,1414036,58.82
20,1558,PHOENIXLTD,EQ,226591,116107,51.24
20,1559,PIDILITIND,EQ,495074,277544,56.06
20,1560,PIGL,EQ,294187,243434,82.75
20,1561,PIIND,EQ,2061711,1434421,69.57
20,1562,PILANIINVS,EQ,1022,604,59.10
20,1563,PILITA,EQ,250918,204184,81.37
20,1564,PIONEEREMB,EQ,34308,20943,61.04
20,1565,PITTIENG,EQ,306374,142596,46.54
20,1566,PIXTRANS,EQ,19047,11344,59.56
20,1567,PLASTIBLEN,EQ,54581,34180,62.62
20,1568,PNB,EQ,36101259,10214020,28.29
20,1569,PNBGILTS,EQ,89111,74427,83.52
20,1570,PNBHOUSING,EQ,1186701,440208,37.10
20,1571,PNC,EQ,7947,4848,61.00
20,1572,PNCINFRA,EQ,263832,129593,49.12
20,1573,POCL,EQ,159881,46440,29.05
20,1574,PODDARHOUS,EQ,7872,5433,69.02
20,1575,PODDARMENT,EQ,4772,3255,68.21
20,1576,POKARNA,EQ,12304,5475,44.50
20,1577,POLICYBZR,EQ,1533238,1049082,68.42
20,1578,POLYCAB,EQ,1802492,1403001,77.84
20,1579,POLYMED,EQ,139982,120378,86.00
20,1580,POLYPLEX,EQ,62380,37421,59.99
20,1581,PONNIERODE,EQ,41272,21727,52.64
20,1582,POONAWALLA,EQ,1340461,617440,46.06
20,1583,POWERGRID,EQ,36078118,28177682,78.10
20,1584,POWERINDIA,EQ,30685,24610,80.20
20,1585,POWERMECH,EQ,138391,81387,58.81
20,1586,PPAP,EQ,6530,4679,71.65
20,1587,PPL,EQ,58612,35963,61.36
20,1588,PPLPHARMA,EQ,7479194,3930240,52.55
20,1589,PRAENG,EQ,53937,48407,89.75
20,1590,PRAJIND,EQ,884523,490320,55.43
20,1591,PRAKASH,EQ,1491987,779783,52.26
20,1592,PRAKASHSTL,EQ,386877,214387,55.41
20,1593,PRAXIS,EQ,144963,115184,79.46
20,1594,PRECAM,EQ,310908,104242,33.53
20,1595,PRECISION,SM,124000,74000,59.68
20,1596,PRECOT,EQ,13236,11642,87.96
20,1597,PRECWIRE,EQ,657588,297980,45.31
20,1598,PREMEXPLN,EQ,6569,2112,32.15
20,1599,PREMIERPOL,EQ,4799,3258,67.89
20,1600,PRESSMN,EQ,422640,300828,71.18
20,1601,PRESTIGE,EQ,973799,673237,69.14
20,1602,PRICOLLTD,EQ,851908,649725,76.27
20,1603,PRIMESECU,EQ,82782,49032,59.23
20,1604,PRINCEPIPE,EQ,285519,110500,38.70
20,1605,PRITI,EQ,20340,11884,58.43
20,1606,PRITIKA,SM,12000,12000,100.00
20,1607,PRITIKAUTO,EQ,317059,286382,90.32
20,1608,PRIVISCL,EQ,11274,5500,48.78
20,1609,PROLIFE,SM,11500,9000,78.26
20,1610,PROPEQUITY,SM,3600,3600,100.00
20,1611,PROZONINTU,EQ,861807,637990,74.03
20,1612,PRSMJOHNSN,EQ,230156,126739,55.07
20,1613,PRUDENT,EQ,17340,7811,45.05
20,1614,PSB,EQ,1996302,594212,29.77
20,1615,PSPPROJECT,EQ,52248,21901,41.92
20,1616,PSUBANKICI,EQ,54958,5073,9.23
20,1617,PSUBNKBEES,EQ,2654395,1174564,44.25
20,1618,PTC,EQ,1706028,795667,46.64
20,1619,PTL,EQ,60879,51091,83.92
20,1620,PULZ,SM,122000,120000,98.36
20,1621,PUNJABCHEM,EQ,7555,4633,61.32
20,1622,PURVA,EQ,162631,76222,46.87
20,1623,PVP,EQ,381076,208942,54.83
20,1624,PVRINOX,EQ,393786,298379,75.77
20,1625,QFIL,SM,18000,16000,88.89
20,1626,QGOLDHALF,EQ,35595,28337,79.61
20,1627,QMSMEDI,SM,35000,21000,60.00
20,1628,QNIFTY,EQ,1631,1473,90.31
20,1629,QUADPRO,SM,420000,300000,71.43
20,1630,QUESS,EQ,325016,209454,64.44
20,1631,QUICKHEAL,EQ,64704,25471,39.37
20,1632,QUICKTOUCH,SM,350000,212000,60.57
20,1633,RACE,EQ,4061,3284,80.87
20,1634,RADHIKAJWE,EQ,303428,138230,45.56
20,1635,RADIANTCMS,EQ,72460,52607,72.60
20,1636,RADICO,EQ,207476,119326,57.51
20,1637,RADIOCITY,EQ,158649,114435,72.13
20,1638,RADIOCITY,P1,27865,27865,100.00
20,1639,RAILTEL,EQ,1364240,619132,45.38
20,1640,RAIN,EQ,1916195,295212,15.41
20,1641,RAINBOW,EQ,540428,383445,70.95
20,1642,RAJESHEXPO,EQ,581096,130255,22.42
20,1643,RAJMET,EQ,155957,124266,79.68
20,1644,RAJRATAN,EQ,46957,28741,61.21
20,1645,RAJSREESUG,EQ,53139,23844,44.87
20,1646,RAJTV,EQ,4607,2885,62.62
20,1647,RALLIS,EQ,217713,132383,60.81
20,1648,RAMANEWS,EQ,73407,51354,69.96
20,1649,RAMAPHO,EQ,14271,9277,65.01
20,1650,RAMASTEEL,EQ,6961268,2750177,39.51
20,1651,RAMCOCEM,EQ,704655,343617,48.76
20,1652,RAMCOIND,EQ,96200,56609,58.85
20,1653,RAMCOSYS,EQ,56409,30404,53.90
20,1654,RAMKY,EQ,149200,99080,66.41
20,1655,RAMRAT,EQ,168506,92651,54.98
20,1656,RANASUG,EQ,744068,375489,50.46
20,1657,RANEHOLDIN,EQ,5865,4530,77.24
20,1658,RATEGAIN,EQ,318554,190494,59.80
20,1659,RATNAMANI,EQ,19661,11165,56.79
20,1660,RAYMOND,EQ,74489,37356,50.15
20,1661,RBA,EQ,717382,194422,27.10
20,1662,RBL,EQ,2006,1031,51.40
20,1663,RBLBANK,EQ,13249346,4204508,31.73
20,1664,RBMINFRA,SM,42000,27000,64.29
20,1665,RCF,EQ,2278702,965189,42.36
20,1666,RECLTD,EQ,13591196,7262298,53.43
20,1667,RECLTD,N8,5,5,100.00
20,1668,RECLTD,N9,107,56,52.34
20,1669,RECLTD,NB,105,105,100.00
20,1670,RECLTD,ND,88,88,100.00
20,1671,RECLTD,NG,262,262,100.00
20,1672,RECLTD,NH,54,54,100.00
20,1673,RECLTD,NI,121,121,100.00
20,1674,REDINGTON,EQ,1631314,1186551,72.74
20,1675,REFEX,EQ,293058,120918,41.26
20,1676,RELAXO,EQ,114436,77833,68.01
20,1677,RELCHEMQ,EQ,1645,1052,63.95
20,1678,RELIABLE,SM,2400,2400,100.00
20,1679,RELIANCE,EQ,12510304,8730857,69.79
20,1680,RELIGARE,EQ,1760680,1337231,75.95
20,1681,RELINFRA,EQ,3097207,1433721,46.29
20,1682,REMSONSIND,EQ,10869,6295,57.92
20,1683,REMUS,ST,22700,22700,100.00
20,1684,RENUKA,EQ,10017285,5198734,51.90
20,1685,REPCOHOME,EQ,977379,385913,39.48
20,1686,REPL,EQ,13924,10145,72.86
20,1687,REPRO,EQ,26205,12967,49.48
20,1688,RESPONIND,EQ,75881,11528,15.19
20,1689,REVATHI,EQ,47367,19274,40.69
20,1690,REXPIPES,SM,20000,20000,100.00
20,1691,RGL,EQ,76737,15088,19.66
20,1692,RHFL,EQ,1156260,760584,65.78
20,1693,RHIM,EQ,2104166,789882,37.54
20,1694,RHL,EQ,19185,11735,61.17
20,1695,RICOAUTO,EQ,700919,309592,44.17
20,1696,RIIL,EQ,236892,48946,20.66
20,1697,RILINFRA,SM,200,200,100.00
20,1698,RITCO,EQ,1088,963,88.51
20,1699,RITES,EQ,275044,139232,50.62
20,1700,RITEZONE,SM,3200,3200,100.00
20,1701,RKEC,EQ,48111,26479,55.04
20,1702,RKFORGE,EQ,484312,209244,43.20
20,1703,RMDRIP,SM,10000,10000,100.00
20,1704,RML,EQ,35235,18493,52.48
20,1705,ROHLTD,EQ,463601,219860,47.42
20,1706,ROLEXRINGS,EQ,33926,22662,66.80
20,1707,ROLLT,EQ,66002,50915,77.14
20,1708,ROML,EQ,7094,6508,91.74
20,1709,ROSSARI,EQ,135024,72447,53.65
20,1710,ROSSELLIND,EQ,41431,29426,71.02
20,1711,ROTO,EQ,106412,51971,48.84
20,1712,ROUTE,EQ,303239,164611,54.28
20,1713,RPGLIFE,EQ,13271,8029,60.50
20,1714,RPOWER,EQ,72173214,17830655,24.71
20,1715,RPPINFRA,EQ,259743,138746,53.42
20,1716,RPPL,EQ,18723,12446,66.47
20,1717,RPSGVENT,EQ,14176,8141,57.43
20,1718,RSWM,EQ,111930,62056,55.44
20,1719,RSYSTEMS,EQ,202023,124758,61.75
20,1720,RTNINDIA,EQ,859810,428400,49.82
20,1721,RTNPOWER,EQ,12217810,6876302,56.28
20,1722,RUBYMILLS,EQ,9095,5286,58.12
20,1723,RUCHIRA,EQ,142160,79852,56.17
20,1724,RUPA,EQ,369660,146234,39.56
20,1725,RUSHIL,EQ,283253,136614,48.23
20,1726,RUSTOMJEE,EQ,10385,7186,69.20
20,1727,RVHL,EQ,13481,6719,49.84
20,1728,RVNL,EQ,37688329,15340683,40.70
20,1729,SADBHAV,EQ,132041,99837,75.61
20,1730,SADBHIN,EQ,75917,47162,62.12
20,1731,SADHNANIQ,EQ,170735,110292,64.60
20,1732,SAFARI,EQ,29695,24137,81.28
20,1733,SAGARDEEP,EQ,5260,4595,87.36
20,1734,SAGCEM,EQ,47145,28868,61.23
20,1735,SAH,EQ,110653,45083,40.74
20,1736,SAHYADRI,EQ,7267,4699,64.66
20,1737,SAIL,EQ,12966397,6701773,51.69
20,1738,SAKAR,EQ,20872,10387,49.77
20,1739,SAKHTISUG,EQ,652137,319119,48.93
20,1740,SAKSOFT,EQ,334883,150050,44.81
20,1741,SAKUMA,EQ,252631,175976,69.66
20,1742,SALASAR,EQ,803816,347355,43.21
20,1743,SALONA,EQ,1389,765,55.08
20,1744,SALSTEEL,EQ,84911,62194,73.25
20,1745,SALZERELEC,EQ,218734,87826,40.15
20,1746,SAMBHAAV,EQ,41762,21253,50.89
20,1747,SANDESH,EQ,1713,1286,75.07
20,1748,SANDHAR,EQ,645247,306319,47.47
20,1749,SANGAMIND,EQ,4606,2896,62.87
20,1750,SANGHIIND,EQ,155030,105072,67.78
20,1751,SANGHVIMOV,EQ,942530,457220,48.51
20,1752,SANGINITA,EQ,35421,24961,70.47
20,1753,SANOFI,EQ,15853,11622,73.31
20,1754,SANSERA,EQ,95879,51268,53.47
20,1755,SAPPHIRE,EQ,305088,162450,53.25
20,1756,SARDAEN,EQ,52642,31403,59.65
20,1757,SAREGAMA,EQ,432082,281502,65.15
20,1758,SARLAPOLY,EQ,45707,31213,68.29
20,1759,SARVESHWAR,EQ,38156,20643,54.10
20,1760,SASKEN,EQ,10491,6180,58.91
20,1761,SASTASUNDR,EQ,9090,5062,55.69
20,1762,SATIA,EQ,190366,77863,40.90
20,1763,SATIN,EQ,431833,190666,44.15
20,1764,SATINDLTD,EQ,168275,92988,55.26
20,1765,SBC,EQ,1207967,288907,23.92
20,1766,SBCL,EQ,57933,28884,49.86
20,1767,SBGLP,EQ,113187,92324,81.57
20,1768,SBICARD,EQ,4239673,3301075,77.86
20,1769,SBIETFCON,EQ,6159,5011,81.36
20,1770,SBIETFIT,EQ,9620,5759,59.86
20,1771,SBIETFPB,EQ,1306,571,43.72
20,1772,SBIETFQLTY,EQ,1028,725,70.53
20,1773,SBILIFE,EQ,2382996,1788028,75.03
20,1774,SBIN,EQ,28797643,16050197,55.73
20,1775,SCAPDVR,EQ,143431,100589,70.13
20,1776,SCHAEFFLER,EQ,143997,81096,56.32
20,1777,SCHAND,EQ,427852,201730,47.15
20,1778,SCHNEIDER,EQ,1351179,509596,37.71
20,1779,SCI,EQ,348142,207084,59.48
20,1780,SCPL,EQ,68524,26134,38.14
20,1781,SDBL,EQ,404256,197255,48.79
20,1782,SDL24BEES,EQ,15,13,86.67
20,1783,SDL26BEES,EQ,225,123,54.67
20,1784,SEAMECLTD,EQ,9971,5249,52.64
20,1785,SECURCRED,EQ,443350,425962,96.08
20,1786,SECURKLOUD,EQ,13859,8547,61.67
20,1787,SELAN,EQ,16805,11557,68.77
20,1788,SEPC,EQ,414088,414088,100.00
20,1789,SEPOWER,EQ,47648,27281,57.26
20,1790,SEQUENT,EQ,590204,316123,53.56
20,1791,SERVOTECH,EQ,173396,173052,99.80
20,1792,SESHAPAPER,EQ,98761,59222,59.96
20,1793,SETCO,EQ,48488,36327,74.92
20,1794,SETF10GILT,EQ,1682,923,54.88
20,1795,SETFGOLD,EQ,453191,364232,80.37
20,1796,SETFNIF50,EQ,238375,173328,72.71
20,1797,SETFNIFBK,EQ,239256,79073,33.05
20,1798,SETFNN50,EQ,8883,5044,56.78
20,1799,SFL,EQ,25953,10483,40.39
20,1800,SGBAPR28I,GB,77,74,96.10
20,1801,SGBAUG24,GB,293,208,70.99
20,1802,SGBAUG27,GB,72,52,72.22
20,1803,SGBAUG28V,GB,1417,1125,79.39
20,1804,SGBAUG29V,GB,226,137,60.62
20,1805,SGBAUG30,GB,203,192,94.58
20,1806,SGBD29VIII,GB,198,162,81.82
20,1807,SGBDC27VII,GB,24,24,100.00
20,1808,SGBDE30III,GB,288,169,58.68
20,1809,SGBDEC25,GB,1,1,100.00
20,1810,SGBFEB24,GB,4,4,100.00
20,1811,SGBFEB28IX,GB,61,61,100.00
20,1812,SGBFEB29XI,GB,195,132,67.69
20,1813,SGBJAN29IX,GB,406,291,71.67
20,1814,SGBJAN29X,GB,767,751,97.91
20,1815,SGBJAN30IX,GB,280,245,87.50
20,1816,SGBJU29III,GB,77,71,92.21
20,1817,SGBJUL25,GB,58,52,89.66
20,1818,SGBJUL28IV,GB,1477,1318,89.23
20,1819,SGBJUL29IV,GB,215,162,75.35
20,1820,SGBJUN27,GB,12,12,100.00
20,1821,SGBJUN28,GB,365,324,88.77
20,1822,SGBJUN29II,GB,2023,1778,87.89
20,1823,SGBJUN30,GB,116,100,86.21
20,1824,SGBMAR24,GB,113,95,84.07
20,1825,SGBMAR25,GB,14,7,50.00
20,1826,SGBMAR28X,GB,21,15,71.43
20,1827,SGBMAR30X,GB,284,246,86.62
20,1828,SGBMAR31IV,GB,256,234,91.41
20,1829,SGBMAY25,GB,198,133,67.17
20,1830,SGBMAY26,GB,32,32,100.00
20,1831,SGBMAY28,GB,219,168,76.71
20,1832,SGBMAY29I,GB,1137,921,81.00
20,1833,SGBMR29XII,GB,204,154,75.49
20,1834,SGBN28VIII,GB,139,128,92.09
20,1835,SGBNOV23,GB,30,30,100.00
20,1836,SGBNOV24,GB,100,79,79.00
20,1837,SGBNOV258,GB,10,10,100.00
20,1838,SGBNOV26,GB,34,20,58.82
20,1839,SGBNV29VII,GB,189,145,76.72
20,1840,SGBOC28VII,GB,154,151,98.05
20,1841,SGBOCT26,GB,4,4,100.00
20,1842,SGBOCT27,GB,13,11,84.62
20,1843,SGBSEP24,GB,13,12,92.31
20,1844,SGBSEP27,GB,27,25,92.59
20,1845,SGBSEP28VI,GB,86,83,96.51
20,1846,SGBSEP29VI,GB,216,164,75.93
20,1847,SGIL,EQ,22421,13141,58.61
20,1848,SGL,EQ,39822,34952,87.77
20,1849,SHAHALLOYS,EQ,30276,17372,57.38
20,1850,SHAILY,EQ,1726,1343,77.81
20,1851,SHAKTIPUMP,EQ,50031,24662,49.29
20,1852,SHALBY,EQ,52393,30564,58.34
20,1853,SHALPAINTS,EQ,55579,35120,63.19
20,1854,SHANKARA,EQ,69816,55430,79.39
20,1855,SHANTI,EQ,47341,32246,68.11
20,1856,SHANTIGEAR,EQ,169101,62397,36.90
20,1857,SHARDACROP,EQ,42963,20539,47.81
20,1858,SHARDAMOTR,EQ,15955,7180,45.00
20,1859,SHAREINDIA,EQ,97019,56850,58.60
20,1860,SHAREINDIA,W1,179,145,81.01
20,1861,SHARIABEES,EQ,801,491,61.30
20,1862,SHEMAROO,EQ,18221,11205,61.49
20,1863,SHERA,SM,26000,24000,92.31
20,1864,SHIGAN,SM,42000,24000,57.14
20,1865,SHILPAMED,EQ,130332,60677,46.56
20,1866,SHIVALIK,EQ,10845,5461,50.36
20,1867,SHIVAMAUTO,EQ,56231,35921,63.88
20,1868,SHIVATEX,EQ,7018,4692,66.86
20,1869,SHK,EQ,1193046,855437,71.70
20,1870,SHOPERSTOP,EQ,168621,125699,74.55
20,1871,SHRADHA,EQ,22427,16521,73.67
20,1872,SHREDIGCEM,EQ,692867,411743,59.43
20,1873,SHREECEM,EQ,208322,158714,76.19
20,1874,SHREEPUSHK,EQ,26314,17984,68.34
20,1875,SHREERAMA,EQ,130870,110740,84.62
20,1876,SHRENIK,EQ,2147367,1540897,71.76
20,1877,SHREYANIND,EQ,92360,51770,56.05
20,1878,SHREYAS,EQ,32045,20563,64.17
20,1879,SHRIPISTON,EQ,2052,1431,69.74
20,1880,SHRIRAMFIN,EQ,1216121,875787,72.01
20,1881,SHRIRAMFIN,YH,53,53,100.00
20,1882,SHRIRAMFIN,YI,1,1,100.00
20,1883,SHRIRAMFIN,YK,18,18,100.00
20,1884,SHRIRAMFIN,YL,96,96,100.00
20,1885,SHRIRAMFIN,YN,1032,1032,100.00
20,1886,SHRIRAMFIN,YR,100,100,100.00
20,1887,SHRIRAMFIN,YU,20,20,100.00
20,1888,SHRIRAMFIN,YV,2,1,50.00
20,1889,SHRIRAMFIN,YY,26,26,100.00
20,1890,SHRIRAMPPS,EQ,368185,167425,45.47
20,1891,SHUBHLAXMI,SM,64000,48000,75.00
20,1892,SHYAMCENT,EQ,77283,41189,53.30
20,1893,SHYAMMETL,EQ,103088,69451,67.37
20,1894,SIDDHIKA,SM,27000,22000,81.48
20,1895,SIEMENS,EQ,1927298,1538806,79.84
20,1896,SIGACHI,EQ,29834,16697,55.97
20,1897,SIGIND,EQ,353321,168345,47.65
20,1898,SIGMA,SM,14250,13500,94.74
20,1899,SIKKO,EQ,35371,26518,74.97
20,1900,SILGO,EQ,13202,7144,54.11
20,1901,SILINV,EQ,1608,1086,67.54
20,1902,SILLYMONKS,EQ,7036,5392,76.63
20,1903,SILVER,EQ,52765,30280,57.39
20,1904,SILVERBEES,EQ,979768,654896,66.84
20,1905,SILVERETF,EQ,35420,24656,69.61
20,1906,SILVERTUC,EQ,18483,6417,34.72
20,1907,SIMBHALS,EQ,85045,54247,63.79
20,1908,SIMPLEXINF,EQ,43810,29223,66.70
20,1909,SINTERCOM,EQ,6327,4565,72.15
20,1910,SIRCA,EQ,92809,52764,56.85
20,1911,SIS,EQ,96435,56436,58.52
20,1912,SITINET,EQ,1476588,1103932,74.76
20,1913,SIYSIL,EQ,120035,57890,48.23
20,1914,SJS,EQ,35905,26661,74.25
20,1915,SJVN,EQ,2353519,1176271,49.98
20,1916,SKFINDIA,EQ,71043,45189,63.61
20,1917,SKIPPER,EQ,215987,125334,58.03
20,1918,SKMEGGPROD,EQ,171160,119553,69.85
20,1919,SKP,SM,29000,21000,72.41
20,1920,SKYGOLD,EQ,113504,40571,35.74
20,1921,SMARTLINK,EQ,33494,25473,76.05
20,1922,SMCGLOBAL,EQ,24118,16646,69.02
20,1923,SMLISUZU,EQ,42968,19022,44.27
20,1924,SMLT,EQ,46113,33684,73.05
20,1925,SMSLIFE,EQ,519,335,64.55
20,1926,SMSPHARMA,EQ,16167,11147,68.95
20,1927,SNOWMAN,EQ,593460,114504,19.29
20,1928,SOBHA,EQ,1804120,729203,40.42
20,1929,SOFTTECH,EQ,6488,2454,37.82
20,1930,SOLARA,EQ,70896,36326,51.24
20,1931,SOLARINDS,EQ,25644,13495,52.62
20,1932,SOLEX,SM,3200,2400,75.00
20,1933,SOMANYCERA,EQ,55645,32497,58.40
20,1934,SOMATEX,EQ,94503,70827,74.95
20,1935,SOMICONVEY,EQ,191041,100356,52.53
20,1936,SONACOMS,EQ,81135054,49996635,61.62
20,1937,SONAMCLOCK,EQ,29776,26519,89.06
20,1938,SONATSOFTW,EQ,304186,106465,35.00
20,1939,SONUINFRA,SM,3000,3000,100.00
20,1940,SOTAC,SM,3600,3600,100.00
20,1941,SOTL,EQ,29071,20310,69.86
20,1942,SOUTHBANK,EQ,19062092,9143351,47.97
20,1943,SOUTHWEST,EQ,9985,5789,57.98
20,1944,SPAL,EQ,26783,14285,53.34
20,1945,SPANDANA,EQ,629387,245351,38.98
20,1946,SPARC,EQ,515688,266178,51.62
20,1947,SPCENET,EQ,2147536,1207541,56.23
20,1948,SPECIALITY,EQ,110375,44659,40.46
20,1949,SPENCERS,EQ,59231,31493,53.17
20,1950,SPIC,EQ,374320,198706,53.08
20,1951,SPLIL,EQ,29415,19490,66.26
20,1952,SPLPETRO,EQ,69803,45397,65.04
20,1953,SPORTKING,EQ,5447,3117,57.22
20,1954,SREEL,EQ,64422,45528,70.67
20,1955,SREIBNPNCD,NU,129,129,100.00
20,1956,SREIBNPNCD,NW,1,1,100.00
20,1957,SRF,EQ,563991,350728,62.19
20,1958,SRHHYPOLTD,EQ,987456,206560,20.92
20,1959,SRIVASAVI,SM,183000,126000,68.85
20,1960,SRPL,EQ,1222478,904223,73.97
20,1961,SSWL,EQ,177424,136453,76.91
20,1962,STAR,EQ,411277,225823,54.91
20,1963,STARCEMENT,EQ,234327,127698,54.50
20,1964,STARHEALTH,EQ,327284,236581,72.29
20,1965,STARPAPER,EQ,79159,57954,73.21
20,1966,STARTECK,EQ,37233,564,1.51
20,1967,STCINDIA,EQ,10683,6874,64.35
20,1968,STEELCAS,EQ,83663,55246,66.03
20,1969,STEELCITY,EQ,14555,9379,64.44
20,1970,STEELXIND,EQ,1644649,1193327,72.56
20,1971,STEL,EQ,6361,5040,79.23
20,1972,STERTOOLS,EQ,71247,30423,42.70
20,1973,STLTECH,EQ,783868,471100,60.10
20,1974,STOVEKRAFT,EQ,460084,201670,43.83
20,1975,STYLAMIND,EQ,21092,11236,53.27
20,1976,STYRENIX,EQ,40605,25928,63.85
20,1977,SUBEXLTD,EQ,920883,477205,51.82
20,1978,SUBROS,EQ,15688,7707,49.13
20,1979,SUDARSCHEM,EQ,245667,94138,38.32
20,1980,SUKHJITS,EQ,8945,4411,49.31
20,1981,SULA,EQ,575311,181530,31.55
20,1982,SUMICHEM,EQ,307745,205240,66.69
20,1983,SUMIT,EQ,2359,1944,82.41
20,1984,SUMMITSEC,EQ,2269,1598,70.43
20,1985,SUNCLAYLTD,EQ,2977,1817,61.03
20,1986,SUNDARAM,EQ,183046,141178,77.13
20,1987,SUNDARMFIN,EQ,9761,3978,40.75
20,1988,SUNDARMHLD,EQ,289342,170422,58.90
20,1989,SUNDRMBRAK,EQ,3646,2776,76.14
20,1990,SUNDRMFAST,EQ,292562,177799,60.77
20,1991,SUNFLAG,EQ,607010,204256,33.65
20,1992,SUNPHARMA,EQ,5595631,3548713,63.42
20,1993,SUNTECK,EQ,133533,83849,62.79
20,1994,SUNTV,EQ,1322231,169221,12.80
20,1995,SUPERHOUSE,EQ,39300,22620,57.56
20,1996,SUPERSPIN,EQ,66350,31609,47.64
20,1997,SUPRAJIT,EQ,157303,89604,56.96
20,1998,SUPREMEIND,EQ,181064,131462,72.61
20,1999,SUPREMEINF,EQ,9845,6394,64.95
20,2000,SUPRIYA,EQ,176755,59916,33.90
20,2001,SURANASOL,EQ,77899,34967,44.89
20,2002,SURANAT&P,EQ,87910,52304,59.50
20,2003,SURYALAXMI,EQ,8165,5303,64.95
20,2004,SURYAROSNI,EQ,263626,135371,51.35
20,2005,SURYODAY,EQ,715730,424827,59.36
20,2006,SUTLEJTEX,EQ,83776,61354,73.24
20,2007,SUULD,EQ,110053,67471,61.31
20,2008,SUVEN,EQ,136058,82196,60.41
20,2009,SUVENPHAR,EQ,109889,88709,80.73
20,2010,SUVIDHAA,EQ,58446,53269,91.14
20,2011,SUZLON,EQ,751320632,215450727,28.68
20,2012,SVLL,EQ,1259,693,55.04
20,2013,SWANENERGY,EQ,673560,193708,28.76
20,2014,SWARAJ,SM,40000,40000,100.00
20,2015,SWARAJENG,EQ,17426,10428,59.84
20,2016,SWASTIK,SM,30000,15600,52.00
20,2017,SWELECTES,EQ,12639,9467,74.90
20,2018,SWSOLAR,EQ,244469,117936,48.24
20,2019,SYMPHONY,EQ,40412,19737,48.84
20,2020,SYNCOMF,EQ,1876548,1229563,65.52
20,2021,SYNGENE,EQ,1302002,931972,71.58
20,2022,SYRMA,EQ,1794586,892721,49.75
20,2023,SYSTANGO,SM,736000,440000,59.78
20,2024,TAINWALCHM,EQ,5654,4087,72.29
20,2025,TAJGVK,EQ,326461,146274,44.81
20,2026,TAKE,EQ,86910,54247,62.42
20,2027,TALBROAUTO,EQ,552291,158656,28.73
20,2028,TANLA,EQ,1402681,368615,26.28
20,2029,TAPIFRUIT,SM,12000,10500,87.50
20,2030,TARACHAND,SM,20000,18000,90.00
20,2031,TARC,EQ,1461423,990615,67.78
20,2032,TARMAT,EQ,32807,19708,60.07
20,2033,TARSONS,EQ,64929,37209,57.31
20,2034,TASTYBITE,EQ,1437,600,41.75
20,2035,TATACAPHSG,N4,20,20,100.00
20,2036,TATACAPHSG,N6,61,61,100.00
20,2037,TATACAPHSG,N8,19,19,100.00
20,2038,TATACAPHSG,NA,23,23,100.00
20,2039,TATACHEM,EQ,710320,423037,59.56
20,2040,TATACOFFEE,EQ,199333,129533,64.98
20,2041,TATACOMM,EQ,399837,183724,45.95
20,2042,TATACONSUM,EQ,2201928,1709539,77.64
20,2043,TATAELXSI,EQ,440466,173572,39.41
20,2044,TATAINVEST,EQ,44147,29272,66.31
20,2045,TATAMETALI,EQ,18379,8412,45.77
20,2046,TATAMOTORS,EQ,12327284,5940802,48.19
20,2047,TATAMTRDVR,EQ,1288998,604237,46.88
20,2048,TATAPOWER,EQ,11299432,5247454,46.44
20,2049,TATASTEEL,EQ,41249944,25112522,60.88
20,2050,TATASTLLP,EQ,15048,4850,32.23
20,2051,TATVA,EQ,24243,19634,80.99
20,2052,TBZ,EQ,94776,49757,52.50
20,2053,TCFSL,ND,907,625,68.91
20,2054,TCFSL,NF,181,180,99.45
20,2055,TCFSL,NL,210,210,100.00
20,2056,TCI,EQ,53105,30890,58.17
20,2057,TCIEXP,EQ,31098,21742,69.91
20,2058,TCNSBRANDS,EQ,68173,44323,65.02
20,2059,TCPLPACK,EQ,42036,24711,58.79
20,2060,TCS,EQ,5815424,4724406,81.24
20,2061,TDPOWERSYS,EQ,842885,283043,33.58
20,2062,TEAMLEASE,EQ,10510,6861,65.28
20,2063,TECH,EQ,4472,2479,55.43
20,2064,TECHIN,EQ,2110,1799,85.26
20,2065,TECHM,EQ,7599886,5711802,75.16
20,2066,TECHNOE,EQ,302799,147822,48.82
20,2067,TEGA,EQ,857164,252638,29.47
20,2068,TEJASNET,EQ,1213321,578577,47.69
20,2069,TEMBO,EQ,47865,27452,57.35
20,2070,TERASOFT,EQ,100080,51442,51.40
20,2071,TEXINFRA,EQ,19261,13946,72.41
20,2072,TEXMOPIPES,EQ,247882,157095,63.37
20,2073,TEXRAIL,EQ,1066931,314905,29.52
20,2074,TFCILTD,EQ,85311,53236,62.40
20,2075,TFL,EQ,9441,7251,76.80
20,2076,THANGAMAYL,EQ,21286,10264,48.22
20,2077,THEJO,SM,4200,3000,71.43
20,2078,THEMISMED,EQ,3403,1720,50.54
20,2079,THERMAX,EQ,41709,30749,73.72
20,2080,THOMASCOOK,EQ,217248,136817,62.98
20,2081,THYROCARE,EQ,364198,209289,57.47
20,2082,TI,EQ,457512,226103,49.42
20,2083,TIDEWATER,EQ,32240,23297,72.26
20,2084,TIIL,EQ,82416,36119,43.83
20,2085,TIINDIA,EQ,484614,322241,66.49
20,2086,TIJARIA,EQ,17236,16128,93.57
20,2087,TIMESCAN,SM,9000,8000,88.89
20,2088,TIMESGTY,EQ,2162,1371,63.41
20,2089,TIMETECHNO,EQ,7537790,2740954,36.36
20,2090,TIMKEN,EQ,92863,36354,39.15
20,2091,TINPLATE,EQ,44018,28777,65.38
20,2092,TIPSFILMS,EQ,9499,5112,53.82
20,2093,TIPSINDLTD,EQ,491540,185151,37.67
20,2094,TIRUMALCHM,EQ,275580,189772,68.86
20,2095,TIRUPATIFL,EQ,116920,69238,59.22
20,2096,TITAN,EQ,1394580,1017050,72.93
20,2097,TMB,EQ,32966,23001,69.77
20,2098,TNIDETF,EQ,15231,12612,82.80
20,2099,TNPETRO,EQ,63642,43556,68.44
20,2100,TNPL,EQ,268106,199976,74.59
20,2101,TOKYOPLAST,EQ,2052,582,28.36
20,2102,TORNTPHARM,EQ,4659481,2010811,43.16
20,2103,TORNTPOWER,EQ,382258,180647,47.26
20,2104,TOTAL,EQ,192213,152981,79.59
20,2105,TOUCHWOOD,EQ,652,603,92.48
20,2106,TPLPLASTEH,EQ,153053,45540,29.75
20,2107,TRACXN,EQ,178007,113754,63.90
20,2108,TRANSWIND,SM,4000,4000,100.00
20,2109,TREEHOUSE,EQ,9844,8084,82.12
20,2110,TREJHARA,EQ,63039,63039,100.00
20,2111,TRENT,EQ,1279601,830033,64.87
20,2112,TRF,EQ,39392,23881,60.62
20,2113,TRIDENT,EQ,5740875,2487089,43.32
20,2114,TRIGYN,EQ,974528,434814,44.62
20,2115,TRIL,EQ,1472812,707966,48.07
20,2116,TRITURBINE,EQ,2017704,1311678,65.01
20,2117,TRIVENI,EQ,209195,126971,60.70
20,2118,TTKHLTCARE,EQ,52375,37748,72.07
20,2119,TTKPRESTIG,EQ,144978,114424,78.93
20,2120,TTL,EQ,12224,8755,71.62
20,2121,TTML,EQ,1292957,833626,64.47
20,2122,TV18BRDCST,EQ,6820808,2368520,34.72
20,2123,TVSELECT,EQ,161757,37200,23.00
20,2124,TVSMOTOR,EQ,3346979,2614567,78.12
20,2125,TVSSRICHAK,EQ,7314,3493,47.76
20,2126,TVTODAY,EQ,71772,35754,49.82
20,2127,TVVISION,EQ,402,401,99.75
20,2128,TWL,EQ,215612,125408,58.16
20,2129,UBL,EQ,110787,53486,48.28
20,2130,UCALFUEL,EQ,14005,7416,52.95
20,2131,UCL,SM,10000,8000,80.00
20,2132,UCOBANK,EQ,6049451,1386040,22.91
20,2133,UDAICEMENT,EQ,228745,166099,72.61
20,2134,UFLEX,EQ,315241,111139,35.26
20,2135,UFO,EQ,154403,82494,53.43
20,2136,UGARSUGAR,EQ,1005043,543330,54.06
20,2137,UGROCAP,EQ,500577,178100,35.58
20,2138,UGROCAP,N1,699,694,99.28
20,2139,UGROCAP,N4,6,5,83.33
20,2140,UJJIVAN,EQ,665208,322331,48.46
20,2141,UJJIVANSFB,EQ,32257837,14507633,44.97
20,2142,ULTRACEMCO,EQ,1137662,932852,82.00
20,2143,UMAEXPORTS,EQ,35907,20389,56.78
20,2144,UMANGDAIRY,EQ,22348,13193,59.03
20,2145,UMESLTD,EQ,3552,3397,95.64
20,2146,UNICHEMLAB,EQ,43989,25680,58.38
20,2147,UNIDT,EQ,63479,40960,64.53
20,2148,UNIENTER,EQ,4749,2844,59.89
20,2149,UNIINFO,EQ,21239,12281,57.82
20,2150,UNIONBANK,EQ,6505613,2773758,42.64
20,2151,UNIPARTS,EQ,101104,63554,62.86
20,2152,UNITEDPOLY,EQ,7171,7146,99.65
20,2153,UNITEDTEA,EQ,3528,2652,75.17
20,2154,UNIVASTU,EQ,107248,73788,68.80
20,2155,UNIVCABLES,EQ,132113,40102,30.35
20,2156,UNIVPHOTO,EQ,1196,829,69.31
20,2157,UNOMINDA,EQ,308034,193622,62.86
20,2158,UPL,EQ,3370272,2583148,76.65
20,2159,URAVI,SM,12000,8400,70.00
20,2160,URJA,EQ,1572749,824010,52.39
20,2161,USASEEDS,SM,2100,1500,71.43
20,2162,USHAMART,EQ,1123997,885542,78.79
20,2163,USK,EQ,415811,222201,53.44
20,2164,UTIAMC,EQ,148337,72883,49.13
20,2165,UTIBANKETF,EQ,53934,50984,94.53
20,2166,UTINEXT50,EQ,29618,27083,91.44
20,2167,UTINIFTETF,EQ,2517,2424,96.31
20,2168,UTISENSETF,EQ,1177,792,67.29
20,2169,UTISXN50,EQ,398,398,100.00
20,2170,UTTAMSUGAR,EQ,35242,13574,38.52
20,2171,UWCSL,SM,2000,2000,100.00
20,2172,V2RETAIL,EQ,485868,360266,74.15
20,2173,VADILALIND,EQ,74272,42747,57.55
20,2174,VAIBHAVGBL,EQ,58255,38143,65.48
20,2175,VAISHALI,EQ,171992,56821,33.04
20,2176,VAKRANGEE,EQ,14717196,9242823,62.80
20,2177,VALIANTORG,EQ,141936,43458,30.62
20,2178,VARDHACRLC,EQ,18144,15543,85.66
20,2179,VARDMNPOLY,EQ,85016,72704,85.52
20,2180,VARROC,EQ,176147,89899,51.04
20,2181,VASA,SM,24000,24000,100.00
20,2182,VASCONEQ,EQ,1622681,862921,53.18
20,2183,VASWANI,EQ,11633,5713,49.11
20,2184,VBL,EQ,2026705,948489,46.80
20,2185,VCL,EQ,415056,186343,44.90
20,2186,VEDL,EQ,13042404,6442573,49.40
20,2187,VEEKAYEM,SM,20000,16000,80.00
20,2188,VELS,SM,1200,1200,100.00
20,2189,VENKEYS,EQ,21335,10986,51.49
20,2190,VENUSPIPES,EQ,228141,99654,43.68
20,2191,VENUSREM,EQ,615938,238736,38.76
20,2192,VERANDA,EQ,128515,71440,55.59
20,2193,VERTEXPLUS,SM,10800,9600,88.89
20,2194,VERTOZ,EQ,184772,34528,18.69
20,2195,VESUVIUS,EQ,11994,5018,41.84
20,2196,VETO,EQ,461687,283794,61.47
20,2197,VGUARD,EQ,283067,117416,41.48
20,2198,VHL,EQ,211,96,45.50
20,2199,VIAZ,SM,8000,4000,50.00
20,2200,VIDHIING,EQ,22980,16522,71.90
20,2201,VIJAYA,EQ,210643,111657,53.01
20,2202,VIJIFIN,EQ,69478,49391,71.09
20,2203,VIKASECO,EQ,2425675,1472195,60.69
20,2204,VIKASLIFE,EQ,7805782,3507618,44.94
20,2205,VIMTALABS,EQ,16938,7142,42.17
20,2206,VINATIORGA,EQ,33103,24880,75.16
20,2207,VINDHYATEL,EQ,12246,7945,64.88
20,2208,VINEETLAB,EQ,10259,4829,47.07
20,2209,VINNY,EQ,396434,244579,61.69
20,2210,VINYLINDIA,EQ,78461,31104,39.64
20,2211,VIPCLOTHNG,EQ,202952,119957,59.11
20,2212,VIPIND,EQ,242041,197772,81.71
20,2213,VIPULLTD,EQ,13069,11219,85.84
20,2214,VIRINCHI,EQ,801288,579432,72.31
20,2215,VISAKAIND,EQ,62826,46915,74.67
20,2216,VISESHINFO,EQ,4617248,2591516,56.13
20,2217,VISHAL,EQ,88735,67916,76.54
20,2218,VISHNU,EQ,61250,35572,58.08
20,2219,VISHWARAJ,EQ,1865202,556617,29.84
20,2220,VITAL,SM,43200,26400,61.11
20,2221,VIVIANA,SM,80000,58000,72.50
20,2222,VIVIDHA,EQ,649583,421623,64.91
20,2223,VIVO,SM,1600,1600,100.00
20,2224,VLSFINANCE,EQ,20495,13722,66.95
20,2225,VMARCIND,SM,93000,78000,83.87
20,2226,VMART,EQ,43060,32943,76.50
20,2227,VOLTAMP,EQ,65381,27263,41.70
20,2228,VOLTAS,EQ,805009,536871,66.69
20,2229,VRLLOG,EQ,146140,87891,60.14
20,2230,VSSL,EQ,31953,16552,51.80
20,2231,VSTIND,EQ,4377,2858,65.30
20,2232,VSTTILLERS,EQ,16572,10679,64.44
20,2233,VTL,EQ,310224,227781,73.42
20,2234,WABAG,EQ,372560,159505,42.81
20,2235,WALCHANNAG,EQ,166260,93689,56.35
20,2236,WALPAR,SM,2000,2000,100.00
20,2237,WATERBASE,EQ,27664,20149,72.83
20,2238,WEALTH,EQ,41,29,70.73
20,2239,WEBELSOLAR,EQ,91600,63324,69.13
20,2240,WEIZMANIND,EQ,20593,9539,46.32
20,2241,WEL,EQ,1931,1067,55.26
20,2242,WELCORP,EQ,4447603,2119470,47.65
20,2243,WELENT,EQ,1710177,1402370,82.00
20,2244,WELINV,EQ,4529,3704,81.78
20,2245,WELSPUNIND,EQ,3403300,1267162,37.23
20,2246,WENDT,EQ,706,534,75.64
20,2247,WESTLIFE,EQ,151573,96136,63.43
20,2248,WEWIN,EQ,4388,2065,47.06
20,2249,WHEELS,EQ,38835,22904,58.98
20,2250,WHIRLPOOL,EQ,28574,15336,53.67
20,2251,WILLAMAGOR,EQ,12346,10175,82.42
20,2252,WINDLAS,EQ,15072,10206,67.71
20,2253,WINDMACHIN,EQ,228690,136405,59.65
20,2254,WIPRO,EQ,5891791,3584932,60.85
20,2255,WOCKPHARMA,EQ,277924,139953,50.36
20,2256,WONDERLA,EQ,176835,97469,55.12
20,2257,WORTH,EQ,15594,10616,68.08
20,2258,WSTCSTPAPR,EQ,202834,104140,51.34
20,2259,XCHANGING,EQ,77557,44135,56.91
20,2260,XELPMOC,EQ,17982,17977,99.97
20,2261,XPROINDIA,EQ,22884,13851,60.53
20,2262,YAARI,EQ,256757,127563,49.68
20,2263,YESBANK,EQ,223440763,113223412,50.67
20,2264,YUKEN,EQ,18496,14747,79.73
20,2265,ZEEL,EQ,9334255,3469725,37.17
20,2266,ZEELEARN,EQ,727196,589910,81.12
20,2267,ZEEMEDIA,EQ,1968916,1241917,63.08
20,2268,ZENITHEXPO,EQ,255,227,89.02
20,2269,ZENITHSTL,EQ,242146,172534,71.25
20,2270,ZENSARTECH,EQ,1128661,586343,51.95
20,2271,ZENTEC,EQ,974666,361695,37.11
20,2272,ZFCVINDIA,EQ,5144,2829,55.00
20,2273,ZIMLAB,EQ,34658,23835,68.77
20,2274,ZODIAC,EQ,44322,25656,57.89
20,2275,ZODIACLOTH,EQ,18034,11846,65.69
20,2276,ZOMATO,EQ,251813391,167762642,66.62
20,2277,ZOTA,EQ,32039,17879,55.80
20,2278,ZUARI,EQ,289087,126216,43.66
20,2279,ZUARIIND,EQ,25948,12972,49.99
20,2280,ZYDUSLIFE,EQ,1103206,671006,60.82
20,2281,ZYDUSWELL,EQ,39815,25334,63.63
