Security Wise Delivery Position - Compulsory Rolling Settlement
10,MTO,29052023,1059242963,0002290
Trade Date <29-MAY-2023>,Settlement Type <N>
Record Type,Sr No,Name of Security,Quantity Traded,Deliverable Quantity(gross across client level),% of Deliverable Quantity to Traded Quantity
20,1,182D051023,TB,900,900,100.00
20,2,182D140923,TB,200,200,100.00
20,3,182D220623,TB,2000,2000,100.00
20,4,182D220923,TB,100,100,100.00
20,5,20MICRONS,EQ,274971,122666,44.61
20,6,21STCENMGM,EQ,1549,1471,94.96
20,7,360ONE,EQ,77997,52812,67.71
20,8,364D090524,TB,5000,5000,100.00
20,9,364D091123,TB,3000,3000,100.00
20,10,364D130723,TB,13400,13400,100.00
20,11,364D231123,TB,2000,2000,100.00
20,12,3IINFOLTD,EQ,243949,142833,58.55
20,13,3MINDIA,EQ,1365,657,48.13
20,14,3PLAND,EQ,6907,4082,59.10
20,15,456GS2023,GS,73,73,100.00
20,16,577GS2030,GS,100,100,100.00
20,17,5PAISA,EQ,391743,97255,24.83
20,18,618GS2024,GS,51370,51370,100.00
20,19,619GS2034,GS,65,65,100.00
20,20,622GS2035,GS,112,112,100.00
20,21,63MOONS,EQ,116161,50419,43.40
20,22,654GS2032,GS,9700,9700,100.00
20,23,664GS2035,GS,160,160,100.00
20,24,667GS2050,GS,7513,7512,99.99
20,25,669GS2024,GS,1156,800,69.20
20,26,676GS2061,GS,4360,4360,100.00
20,27,68GS2060,GS,1,1,100.00
20,28,695GS2061,GS,5000,5000,100.00
20,29,699GS2026,GS,1300,1300,100.00
20,30,699GS2051,GS,2230,2228,99.91
20,31,706GS2028,GS,13285,12235,92.10
20,32,706GS2046,GS,500,500,100.00
20,33,710GS2029,GS,33752,31752,94.07
20,34,717GS2028,GS,1000,1000,100.00
20,35,726GS2032,GS,33876,33876,100.00
20,36,726GS2033,GS,500,500,100.00
20,37,736GS2052,GS,4002,4001,99.98
20,38,738GS2027,GS,56245,56245,100.00
20,39,741GS2036,GS,4851,4351,89.69
20,40,74GS2062,GS,481,478,99.38
20,41,754GS2036,GS,449376,442865,98.55
20,42,762MH30,SG,700,700,100.00
20,43,772GS2025,GS,399,399,100.00
20,44,772GS2055,GS,50,50,100.00
20,45,794TN32,SG,4500,4500,100.00
20,46,824GS2027,GS,5850,3000,51.28
20,47,833GS2026,GS,24450,24450,100.00
20,48,883GS2041,GS,34,34,100.00
20,49,915GS2024,GS,1000,1000,100.00
20,50,91D010623,TB,200,200,100.00
20,51,91D100823,TB,100,100,100.00
20,52,91D170823,TB,400,400,100.00
20,53,92GS2030,GS,617,617,100.00
20,54,A2ZINFRA,EQ,182021,120829,66.38
20,55,AAATECH,EQ,8270,4857,58.73
20,56,AAKASH,EQ,185970,151905,81.68
20,57,AAREYDRUGS,EQ,33044,12025,36.39
20,58,AARON,EQ,30044,16344,54.40
20,59,AARTIDRUGS,EQ,83133,39503,47.52
20,60,AARTIIND,EQ,804560,367747,45.71
20,61,AARTIPHARM,EQ,99781,49618,49.73
20,62,AARTIPP,E1,3,1,33.33
20,63,AARTISURF,EQ,5261,3588,68.20
20,64,AARTISURF,P1,1,1,100.00
20,65,AARVEEDEN,EQ,7088,5155,72.73
20,66,AARVI,EQ,201250,92251,45.84
20,67,AAVAS,EQ,219015,147305,67.26
20,68,ABAN,EQ,73018,45358,62.12
20,69,ABB,EQ,277673,174063,62.69
20,70,ABBOTINDIA,EQ,6045,2903,48.02
20,71,ABCAPITAL,EQ,1891433,790881,41.81
20,72,ABFRL,EQ,1539443,581874,37.80
20,73,ABINFRA,SM,192000,160000,83.33
20,74,ABMINTLLTD,EQ,2052,2052,100.00
20,75,ABSLAMC,EQ,28385,15695,55.29
20,76,ABSLBANETF,EQ,8334,4415,52.98
20,77,ABSLLIQUID,EQ,102,102,100.00
20,78,ABSLNN50ET,EQ,7943,7719,97.18
20,79,ACC,EQ,389902,152076,39.00
20,80,ACCELYA,EQ,33295,17880,53.70
20,81,ACCURACY,EQ,523047,394393,75.40
20,82,ACE,EQ,253590,120658,47.58
20,83,ACI,EQ,617788,314074,50.84
20,84,ACL,EQ,8415,8415,100.00
20,85,ADANIENT,EQ,2779432,679923,24.46
20,86,ADANIGREEN,EQ,3177944,2394982,75.36
20,87,ADANIPORTS,EQ,4302323,1099865,25.56
20,88,ADANIPOWER,EQ,2581847,1230126,47.65
20,89,ADANITRANS,EQ,2450856,1219089,49.74
20,90,ADFFOODS,EQ,15142,7249,47.87
20,91,ADORWELD,EQ,66417,38271,57.62
20,92,ADROITINFO,EQ,44215,19327,43.71
20,93,ADSL,EQ,314101,146501,46.64
20,94,ADVANIHOTR,EQ,56332,36212,64.28
20,95,ADVENZYMES,EQ,67448,41681,61.80
20,96,AEGISCHEM,EQ,681271,238761,35.05
20,97,AETHER,EQ,20526,12444,60.63
20,98,AFFLE,EQ,268973,144251,53.63
20,99,AGARIND,EQ,37524,19373,51.63
20,100,AGARWALFT,SM,54000,51000,94.44
20,101,AGI,EQ,135404,84728,62.57
20,102,AGNI,SM,85000,70000,82.35
20,103,AGRITECH,EQ,6450,3543,54.93
20,104,AGROPHOS,EQ,27667,22369,80.85
20,105,AGSTRA,EQ,2555582,1010518,39.54
20,106,AGUL,SM,16000,16000,100.00
20,107,AHL,EQ,573558,112683,19.65
20,108,AHLADA,EQ,14132,10557,74.70
20,109,AHLEAST,EQ,5348,4163,77.84
20,110,AHLUCONT,EQ,774614,155757,20.11
20,111,AIAENG,EQ,255424,157699,61.74
20,112,AILIMITED,SM,3000,3000,100.00
20,113,AIRAN,EQ,213503,102928,48.21
20,114,AIROLAM,EQ,41828,27094,64.77
20,115,AIRTELPP,E1,185057,126121,68.15
20,116,AISL,SM,1200,1200,100.00
20,117,AJANTPHARM,EQ,43971,25349,57.65
20,118,AJMERA,EQ,61630,23411,37.99
20,119,AJOONI,EQ,243505,189839,77.96
20,120,AKASH,EQ,14919,11406,76.45
20,121,AKG,EQ,75619,71786,94.93
20,122,AKSHAR,EQ,7314,5173,70.73
20,123,AKSHARCHEM,EQ,8887,4318,48.59
20,124,AKSHOPTFBR,EQ,433817,304791,70.26
20,125,AKZOINDIA,EQ,17033,8791,51.61
20,126,ALANKIT,EQ,82114,57469,69.99
20,127,ALBERTDAVD,EQ,1956,1150,58.79
20,128,ALEMBICLTD,EQ,103782,57700,55.60
20,129,ALICON,EQ,23555,9798,41.60
20,130,ALKALI,EQ,16234,9064,55.83
20,131,ALKEM,EQ,77549,47948,61.83
20,132,ALKYLAMINE,EQ,18143,9379,51.69
20,133,ALLCARGO,EQ,410874,185740,45.21
20,134,ALLETEC,SM,48000,43200,90.00
20,135,ALLSEC,EQ,8252,6666,80.78
20,136,ALMONDZ,EQ,10906,8679,79.58
20,137,ALOKINDS,EQ,4284124,1819045,42.46
20,138,ALPA,EQ,689509,230751,33.47
20,139,ALPHAGEO,EQ,20333,13103,64.44
20,140,AMARAJABAT,EQ,305772,120182,39.30
20,141,AMBER,EQ,66138,23587,35.66
20,142,AMBICAAGAR,EQ,35383,24610,69.55
20,143,AMBIKCO,EQ,25518,16566,64.92
20,144,AMBUJACEM,EQ,7799828,5113783,65.56
20,145,AMDIND,EQ,261249,164388,62.92
20,146,AMIORG,EQ,130063,60989,46.89
20,147,AMJLAND,EQ,31996,21978,68.69
20,148,AMRUTANJAN,EQ,34576,22608,65.39
20,149,ANANDRATHI,EQ,16153,9488,58.74
20,150,ANANTRAJ,EQ,1483525,939756,63.35
20,151,ANDHRAPAP,EQ,77917,46858,60.14
20,152,ANDHRSUGAR,EQ,367625,139857,38.04
20,153,ANDREWYU,EQ,103355,67105,64.93
20,154,ANGELONE,EQ,571001,232295,40.68
20,155,ANIKINDS,EQ,11243,6834,60.78
20,156,ANLON,SM,1200,1200,100.00
20,157,ANMOL,EQ,107526,47293,43.98
20,158,ANNAPURNA,SM,52000,39000,75.00
20,159,ANTGRAPHIC,EQ,104684,74537,71.20
20,160,ANUP,EQ,23195,10518,45.35
20,161,ANURAS,EQ,150879,61963,41.07
20,162,APARINDS,EQ,57303,31882,55.64
20,163,APCL,EQ,33909,25095,74.01
20,164,APCOTEXIND,EQ,60157,32225,53.57
20,165,APEX,EQ,56708,31392,55.36
20,166,APLAPOLLO,EQ,327334,202248,61.79
20,167,APLLTD,EQ,64942,23207,35.73
20,168,APOLLO,EQ,657422,422341,64.24
20,169,APOLLOHOSP,EQ,332364,133751,40.24
20,170,APOLLOPIPE,EQ,94001,54891,58.39
20,171,APOLLOTYRE,EQ,1654415,674200,40.75
20,172,APOLSINHOT,EQ,2913,1542,52.94
20,173,APTECHT,EQ,1379160,405992,29.44
20,174,APTUS,EQ,286552,182897,63.83
20,175,ARCHIDPLY,EQ,57193,27531,48.14
20,176,ARCHIES,EQ,46909,32990,70.33
20,177,ARENTERP,EQ,1078,792,73.47
20,178,ARHAM,SM,123000,96000,78.05
20,179,ARIES,EQ,60002,31510,52.51
20,180,ARIHANTACA,SM,8000,8000,100.00
20,181,ARIHANTCAP,EQ,56895,44504,78.22
20,182,ARIHANTSUP,EQ,89970,53427,59.38
20,183,ARISTO,SM,9600,8000,83.33
20,184,ARMANFIN,EQ,5573,3575,64.15
20,185,AROGRANITE,EQ,10564,5264,49.83
20,186,ARROWGREEN,EQ,18665,18665,100.00
20,187,ARSHIYA,EQ,433604,319497,73.68
20,188,ARTEMISMED,EQ,90262,59449,65.86
20,189,ARTNIRMAN,EQ,5828,4130,70.86
20,190,ARVEE,EQ,113,103,91.15
20,191,ARVIND,EQ,757062,384090,50.73
20,192,ARVINDFASN,EQ,142997,95389,66.71
20,193,ARVSMART,EQ,36223,21738,60.01
20,194,ASAHIINDIA,EQ,34761,17301,49.77
20,195,ASAHISONG,EQ,3697,2392,64.70
20,196,ASAL,EQ,16950,11078,65.36
20,197,ASALCBR,EQ,18873,8511,45.10
20,198,ASCOM,SM,500,500,100.00
20,199,ASHAPURMIN,EQ,593770,219061,36.89
20,200,ASHIANA,EQ,61795,32105,51.95
20,201,ASHIMASYN,EQ,187133,142239,76.01
20,202,ASHOKA,EQ,1125124,648821,57.67
20,203,ASHOKLEY,EQ,7022143,3555567,50.63
20,204,ASIANENE,EQ,121313,68370,56.36
20,205,ASIANHOTNR,EQ,4960,2753,55.50
20,206,ASIANPAINT,EQ,535712,262867,49.07
20,207,ASIANTILES,EQ,508481,296710,58.35
20,208,ASPINWALL,EQ,5295,3102,58.58
20,209,ASTEC,EQ,17662,3306,18.72
20,210,ASTERDM,EQ,586010,216218,36.90
20,211,ASTRAL,EQ,499586,217365,43.51
20,212,ASTRAMICRO,EQ,1006436,403910,40.13
20,213,ASTRAZEN,EQ,4270,2493,58.38
20,214,ASTRON,EQ,20802,14197,68.25
20,215,ATALREAL,EQ,367760,130138,35.39
20,216,ATFL,EQ,4794,2298,47.93
20,217,ATGL,EQ,2630741,1406069,53.45
20,218,ATLANTA,EQ,26487,14782,55.81
20,219,ATUL,EQ,18627,6809,36.55
20,220,ATULAUTO,EQ,203397,107281,52.74
20,221,AUBANK,EQ,2625329,1513473,57.65
20,222,AUROIMPEX,ST,179200,168000,93.75
20,223,AUROPHARMA,EQ,4209725,836195,19.86
20,224,AURUM,EQ,21185,14278,67.40
20,225,AURUMPP,E1,10335,9637,93.25
20,226,AUSOMENT,EQ,10740,7292,67.90
20,227,AUTOAXLES,EQ,27004,13757,50.94
20,228,AUTOBEES,EQ,73877,42324,57.29
20,229,AUTOIND,EQ,63208,41514,65.68
20,230,AVADHSUGAR,EQ,81366,34513,42.42
20,231,AVALON,EQ,1020238,446078,43.72
20,232,AVANTIFEED,EQ,197097,107690,54.64
20,233,AVG,EQ,39489,29936,75.81
20,234,AVONMORE,EQ,8225,6468,78.64
20,235,AVROIND,EQ,14536,7752,53.33
20,236,AVSL,SM,2000,2000,100.00
20,237,AVTNPL,EQ,79844,45422,56.89
20,238,AWHCL,EQ,89071,41046,46.08
20,239,AWL,EQ,1481961,721028,48.65
20,240,AXISBANK,EQ,7133871,2414101,33.84
20,241,AXISBNKETF,EQ,812,670,82.51
20,242,AXISBPSETF,EQ,100384,96928,96.56
20,243,AXISCADES,EQ,81304,51523,63.37
20,244,AXISCETF,EQ,692,627,90.61
20,245,AXISGOLD,EQ,423624,395409,93.34
20,246,AXISHCETF,EQ,3285,2112,64.29
20,247,AXISILVER,EQ,8277,5192,62.73
20,248,AXISNIFTY,EQ,6441,4510,70.02
20,249,AXISTECETF,EQ,6540,4742,72.51
20,250,AXITA,EQ,2037081,1223527,60.06
20,251,AXSENSEX,EQ,14505,14493,99.92
20,252,AYMSYNTEX,EQ,21204,13383,63.12
20,253,BAGFILMS,EQ,90036,75398,83.74
20,254,BAHETI,SM,19500,16500,84.62
20,255,BAIDFIN,EQ,91681,28742,31.35
20,256,BAJAJ-AUTO,EQ,301343,189131,62.76
20,257,BAJAJCON,EQ,490680,226106,46.08
20,258,BAJAJELEC,EQ,61169,21846,35.71
20,259,BAJAJFINSV,EQ,1659680,637340,38.40
20,260,BAJAJHCARE,EQ,41997,27160,64.67
20,261,BAJAJHIND,EQ,48749281,15552329,31.90
20,262,BAJAJHLDNG,EQ,62748,31653,50.44
20,263,BAJFINANCE,EQ,640728,278863,43.52
20,264,BALAJITELE,EQ,36647,22741,62.05
20,265,BALAMINES,EQ,50360,25693,51.02
20,266,BALAXI,EQ,12072,6304,52.22
20,267,BALKRISHNA,EQ,15594,6523,41.83
20,268,BALKRISIND,EQ,1599906,339325,21.21
20,269,BALMLAWRIE,EQ,303080,184098,60.74
20,270,BALPHARMA,EQ,42475,22391,52.72
20,271,BALRAMCHIN,EQ,916799,293860,32.05
20,272,BANARBEADS,EQ,3165,2091,66.07
20,273,BANARISUG,EQ,743,487,65.55
20,274,BANCOINDIA,EQ,127470,66993,52.56
20,275,BANDHANBNK,EQ,6533649,2182890,33.41
20,276,BANG,EQ,56871,34767,61.13
20,277,BANKA,EQ,10684,6019,56.34
20,278,BANKBARODA,EQ,11239265,3255924,28.97
20,279,BANKBEES,EQ,777404,546000,70.23
20,280,BANKINDIA,EQ,5170603,1607855,31.10
20,281,BANSWRAS,EQ,70114,45513,64.91
20,282,BARBEQUE,EQ,245127,125700,51.28
20,283,BASF,EQ,12719,8617,67.75
20,284,BASML,EQ,57503,36387,63.28
20,285,BATAINDIA,EQ,91619,43032,46.97
20,286,BAYERCROP,EQ,9446,7195,76.17
20,287,BBETF0432,EQ,4963,4823,97.18
20,288,BBL,EQ,72455,26829,37.03
20,289,BBOX,EQ,276971,136172,49.16
20,290,BBTC,EQ,23391,13994,59.83
20,291,BBTCL,EQ,5665,2461,43.44
20,292,BCG,EQ,13338208,8417374,63.11
20,293,BCLIND,EQ,311110,137819,44.30
20,294,BCONCEPTS,EQ,100847,47723,47.32
20,295,BDL,EQ,412979,137731,33.35
20,296,BEARDSELL,EQ,1219139,474683,38.94
20,297,BECTORFOOD,EQ,3704102,546448,14.75
20,298,BEDMUTHA,EQ,5894,4661,79.08
20,299,BEL,EQ,10330215,6155267,59.59
20,300,BEML,EQ,73459,28462,38.75
20,301,BEPL,EQ,1194206,603025,50.50
20,302,BERGEPAINT,EQ,362750,145457,40.10
20,303,BESTAGRO,EQ,45018,25909,57.55
20,304,BETA,SM,2800,1600,57.14
20,305,BEWLTD,SM,8000,6500,81.25
20,306,BFINVEST,EQ,80980,30767,37.99
20,307,BFUTILITIE,EQ,927595,285717,30.80
20,308,BGRENERGY,EQ,122087,78491,64.29
20,309,BHAGCHEM,EQ,12690,11228,88.48
20,310,BHAGERIA,EQ,14480,9904,68.40
20,311,BHAGYANGR,EQ,113604,77334,68.07
20,312,BHANDARI,EQ,206572,176242,85.32
20,313,BHARATFORG,EQ,1359781,670780,49.33
20,314,BHARATGEAR,EQ,63959,38032,59.46
20,315,BHARATRAS,EQ,2531,1243,49.11
20,316,BHARATWIRE,EQ,475061,177771,37.42
20,317,BHARTIARTL,EQ,3684829,2664067,72.30
20,318,BHEL,EQ,69936887,17699998,25.31
20,319,BIGBLOC,EQ,72164,41108,56.96
20,320,BIKAJI,EQ,535303,219037,40.92
20,321,BIL,EQ,56837,10388,18.28
20,322,BINANIIND,EQ,29591,22320,75.43
20,323,BIOCON,EQ,2492152,578925,23.23
20,324,BIOFILCHEM,EQ,7803,4469,57.27
20,325,BIRET,RR,25333,19857,78.38
20,326,BIRLACABLE,EQ,331177,121001,36.54
20,327,BIRLACORPN,EQ,179574,121647,67.74
20,328,BIRLAMONEY,EQ,40688,29917,73.53
20,329,BLAL,EQ,244242,75214,30.79
20,330,BLBLIMITED,EQ,247477,156682,63.31
20,331,BLISSGVS,EQ,78915,40085,50.80
20,332,BLKASHYAP,EQ,1047449,726499,69.36
20,333,BLS,EQ,4482853,1687995,37.65
20,334,BLUEDART,EQ,10081,6210,61.60
20,335,BLUESTARCO,EQ,123733,90203,72.90
20,336,BMETRICS,SM,9200,8400,91.30
20,337,BODALCHEM,EQ,289494,152215,52.58
20,338,BOHRAIND,EQ,238,236,99.16
20,339,BOMDYEING,EQ,681949,236096,34.62
20,340,BOROLTD,EQ,202962,75167,37.04
20,341,BORORENEW,EQ,544210,208108,38.24
20,342,BOSCHLTD,EQ,62648,33978,54.24
20,343,BPCL,EQ,1170519,439121,37.52
20,344,BPL,EQ,30996,22089,71.26
20,345,BRIGADE,EQ,317975,256260,80.59
20,346,BRIGHT,SM,81000,72000,88.89
20,347,BRITANNIA,EQ,194968,104750,53.73
20,348,BRITANNIA,N3,17650,15376,87.12
20,349,BRNL,EQ,22911,13306,58.08
20,350,BROOKS,EQ,38337,22321,58.22
20,351,BSE,EQ,523139,251254,48.03
20,352,BSL,EQ,7903,4634,58.64
20,353,BSLGOLDETF,EQ,25091,19474,77.61
20,354,BSLNIFTY,EQ,71396,47307,66.26
20,355,BSLSENETFG,EQ,13756,6682,48.58
20,356,BSOFT,EQ,3389349,1812675,53.48
20,357,BTML,EQ,70837,56901,80.33
20,358,BURNPUR,EQ,87222,57914,66.40
20,359,BUTTERFLY,EQ,2874,1603,55.78
20,360,BVCL,EQ,64597,41182,63.75
20,361,BYKE,EQ,18347,13702,74.68
20,362,CADSYS,SM,2000,2000,100.00
20,363,CAMLINFINE,EQ,176012,104962,59.63
20,364,CAMPUS,EQ,244061,132057,54.11
20,365,CAMS,EQ,29937,16387,54.74
20,366,CANBK,EQ,5505440,2134617,38.77
20,367,CANFINHOME,EQ,483110,157088,32.52
20,368,CANTABIL,EQ,17113,6394,37.36
20,369,CAPACITE,EQ,1594030,796084,49.94
20,370,CAPLIPOINT,EQ,162699,58718,36.09
20,371,CAPTRUST,EQ,81042,40579,50.07
20,372,CARBORUNIV,EQ,83005,32039,38.60
20,373,CAREERP,EQ,568281,215907,37.99
20,374,CARERATING,EQ,65633,43185,65.80
20,375,CARTRADE,EQ,79152,47819,60.41
20,376,CARYSIL,EQ,240086,118661,49.42
20,377,CASTROLIND,EQ,386691,208365,53.88
20,378,CCHHL,EQ,61197,48562,79.35
20,379,CCL,EQ,143011,85673,59.91
20,380,CDSL,EQ,212078,128281,60.49
20,381,CEATLTD,EQ,359382,105331,29.31
20,382,CELEBRITY,EQ,68640,51736,75.37
20,383,CENTENKA,EQ,22521,15541,69.01
20,384,CENTEXT,EQ,143173,102158,71.35
20,385,CENTRALBK,EQ,4567531,1628404,35.65
20,386,CENTRUM,EQ,337431,217822,64.55
20,387,CENTUM,EQ,180190,122552,68.01
20,388,CENTURYPLY,EQ,76832,41239,53.67
20,389,CENTURYTEX,EQ,133553,67219,50.33
20,390,CERA,EQ,13409,6256,46.66
20,391,CEREBRAINT,EQ,826367,636539,77.03
20,392,CESC,EQ,2015573,1113340,55.24
20,393,CGCL,EQ,242358,75560,31.18
20,394,CGPOWER,EQ,2939627,1377843,46.87
20,395,CHALET,EQ,122883,53223,43.31
20,396,CHAMBLFERT,EQ,4074740,1003396,24.62
20,397,CHEMBOND,EQ,78490,46371,59.08
20,398,CHEMCON,EQ,249685,143798,57.59
20,399,CHEMFAB,EQ,22916,13518,58.99
20,400,CHEMPLASTS,EQ,91258,30034,32.91
20,401,CHENNPETRO,EQ,1878879,606488,32.28
20,402,CHEVIOT,EQ,1352,991,73.30
20,403,CHOICEIN,EQ,530484,61603,11.61
20,404,CHOLAFIN,EQ,758768,424443,55.94
20,405,CHOLAFIN,N0,1100,1000,90.91
20,406,CHOLAFIN,N2,13,13,100.00
20,407,CHOLAFIN,N4,461,456,98.92
20,408,CHOLAHLDNG,EQ,41891,34781,83.03
20,409,CIGNITITEC,EQ,45509,25012,54.96
20,410,CINELINE,EQ,14978,8149,54.41
20,411,CINEVISTA,EQ,16499,12230,74.13
20,412,CIPLA,EQ,1744868,1027424,58.88
20,413,CLEAN,EQ,5722444,4004275,69.97
20,414,CLEDUCATE,EQ,86893,49418,56.87
20,415,CLOUD,SM,273000,193000,70.70
20,416,CLSEL,EQ,281267,147087,52.29
20,417,CMNL,SM,231000,159000,68.83
20,418,CMRSL,SM,800,800,100.00
20,419,CMSINFO,EQ,263932,131429,49.80
20,420,COALINDIA,EQ,8069985,4252137,52.69
20,421,COASTCORP,EQ,12319,7860,63.80
20,422,COASTPP1,E1,3390,3389,99.97
20,423,COCHINSHIP,EQ,391998,173046,44.14
20,424,COFFEEDAY,EQ,3850919,1704625,44.27
20,425,COFORGE,EQ,214720,106116,49.42
20,426,COLPAL,EQ,182418,87905,48.19
20,427,COMPINFO,EQ,284913,199953,70.18
20,428,COMPUSOFT,EQ,160945,79934,49.67
20,429,CONCOR,EQ,845659,506399,59.88
20,430,CONFIPET,EQ,539969,335987,62.22
20,431,CONSOFINVT,EQ,44856,28074,62.59
20,432,CONSUMBEES,EQ,58248,49005,84.13
20,433,CONTI,SM,19998,19998,100.00
20,434,CONTROLPR,EQ,96237,44110,45.83
20,435,COOLCAPS,SM,7500,6000,80.00
20,436,CORALFINAC,EQ,19337,9154,47.34
20,437,CORDSCABLE,EQ,178442,102779,57.60
20,438,COROMANDEL,EQ,329241,96686,29.37
20,439,COSMOFIRST,EQ,38838,25148,64.75
20,440,COUNCODOS,EQ,23761,13392,56.36
20,441,CPSEETF,EQ,585280,374695,64.02
20,442,CRAFTSMAN,EQ,74101,55061,74.31
20,443,CREATIVE,EQ,31686,22761,71.83
20,444,CREATIVEYE,EQ,431,431,100.00
20,445,CREDITACC,EQ,49838,24485,49.13
20,446,CREDITACC,N1,10,10,100.00
20,447,CREDITACC,N3,83,83,100.00
20,448,CREST,EQ,11961,8480,70.90
20,449,CRISIL,EQ,23741,10998,46.32
20,450,CROMPTON,EQ,2667398,1354219,50.77
20,451,CROWN,EQ,1154,561,48.61
20,452,CSBBANK,EQ,243023,93799,38.60
20,453,CSLFINANCE,EQ,19829,14749,74.38
20,454,CTE,EQ,83140,49821,59.92
20,455,CUB,EQ,23948387,11573837,48.33
20,456,CUMMINSIND,EQ,582128,210324,36.13
20,457,CUPID,EQ,71763,50351,70.16
20,458,CYBERMEDIA,EQ,47197,24204,51.28
20,459,CYBERTECH,EQ,131891,44513,33.75
20,460,CYIENT,EQ,247068,111199,45.01
20,461,DAAWAT,EQ,638009,246751,38.68
20,462,DABUR,EQ,2215580,1496337,67.54
20,463,DALBHARAT,EQ,205286,64108,31.23
20,464,DALMIASUG,EQ,60071,28505,47.45
20,465,DAMODARIND,EQ,32318,14085,43.58
20,466,DANGEE,EQ,161771,99157,61.29
20,467,DATAMATICS,EQ,407556,113495,27.85
20,468,DATAPATTNS,EQ,390463,116687,29.88
20,469,DBCORP,EQ,241860,124920,51.65
20,470,DBL,EQ,648215,320125,49.39
20,471,DBOL,EQ,102016,57968,56.82
20,472,DBREALTY,EQ,1862143,730143,39.21
20,473,DBSTOCKBRO,EQ,3605,2381,66.05
20,474,DCAL,EQ,462476,186911,40.42
20,475,DCBBANK,EQ,585777,232807,39.74
20,476,DCI,EQ,2106,1028,48.81
20,477,DCM,EQ,20433,7677,37.57
20,478,DCMFINSERV,EQ,27847,20090,72.14
20,479,DCMNVL,EQ,19275,11793,61.18
20,480,DCMSHRIRAM,EQ,26179,15502,59.22
20,481,DCMSRIND,EQ,113145,67864,59.98
20,482,DCW,EQ,1566956,1051003,67.07
20,483,DCXINDIA,EQ,338093,143356,42.40
20,484,DECCANCE,EQ,15237,12759,83.74
20,485,DEEPAKFERT,EQ,273501,162186,59.30
20,486,DEEPAKNTR,EQ,474055,103899,21.92
20,487,DEEPENR,EQ,39583,28922,73.07
20,488,DEEPINDS,EQ,633579,294719,46.52
20,489,DELHIVERY,EQ,279537,167123,59.79
20,490,DELPHIFX,EQ,745,269,36.11
20,491,DELTACORP,EQ,4434804,1501473,33.86
20,492,DELTAMAGNT,EQ,16499,11545,69.97
20,493,DEN,EQ,2637098,1215914,46.11
20,494,DENEERS,SM,10800,9600,88.89
20,495,DENORA,EQ,27665,14757,53.34
20,496,DESTINY,SM,12000,12000,100.00
20,497,DEVIT,EQ,188076,103530,55.05
20,498,DEVYANI,EQ,4747824,3839724,80.87
20,499,DGCONTENT,EQ,19375,10389,53.62
20,500,DHAMPURSUG,EQ,236180,74379,31.49
20,501,DHANBANK,EQ,503072,280606,55.78
20,502,DHANI,EQ,5639013,1025208,18.18
20,503,DHANILOANS,N6,8,8,100.00
20,504,DHANILOANS,N8,118,118,100.00
20,505,DHANILOANS,NG,22,21,95.45
20,506,DHANILOANS,NV,102,80,78.43
20,507,DHANUKA,EQ,40948,20737,50.64
20,508,DHARMAJ,EQ,36006,20948,58.18
20,509,DHRUV,EQ,14303,5212,36.44
20,510,DHUNINV,EQ,2186,1378,63.04
20,511,DIAMONDYD,EQ,7177,4539,63.24
20,512,DICIND,EQ,2746,2146,78.15
20,513,DIGISPICE,EQ,40692,23830,58.56
20,514,DIL,EQ,6044399,2236328,37.00
20,515,DISHTV,EQ,5528230,2908225,52.61
20,516,DIVGIITTS,EQ,86367,37225,43.10
20,517,DIVISLAB,EQ,360805,72727,20.16
20,518,DIVOPPBEES,EQ,10083,7018,69.60
20,519,DIXON,EQ,556771,151478,27.21
20,520,DJML,EQ,4457,2106,47.25
20,521,DKEGL,SM,69000,57000,82.61
20,522,DLF,EQ,4665809,1564996,33.54
20,523,DLINKINDIA,EQ,146930,74667,50.82
20,524,DMART,EQ,228840,134083,58.59
20,525,DMCC,EQ,14438,9224,63.89
20,526,DNAMEDIA,EQ,283448,234529,82.74
20,527,DODLA,EQ,12677,9489,74.85
20,528,DOLATALGO,EQ,185963,124071,66.72
20,529,DOLLAR,EQ,109818,55558,50.59
20,530,DOLLEX,SM,56000,48000,85.71
20,531,DONEAR,EQ,178251,67636,37.94
20,532,DPABHUSHAN,EQ,5126,4202,81.97
20,533,DPSCLTD,EQ,89524,47267,52.80
20,534,DPWIRES,EQ,68396,51371,75.11
20,535,DRCSYSTEMS,EQ,16287,11613,71.30
20,536,DREAMFOLKS,EQ,392207,133296,33.99
20,537,DREDGECORP,EQ,51558,32086,62.23
20,538,DRREDDY,EQ,185628,63233,34.06
20,539,DSPBANKETF,EQ,6780,4414,65.10
20,540,DSPGOLDETF,EQ,986,729,73.94
20,541,DSPN50ETF,EQ,865,607,70.17
20,542,DSPNEWETF,EQ,20834,14722,70.66
20,543,DSPQ50ETF,EQ,10751,8895,82.74
20,544,DSPSILVETF,EQ,41743,4288,10.27
20,545,DSSL,EQ,8247,8247,100.00
20,546,DTIL,EQ,20490,13886,67.77
20,547,DUCOL,SM,19200,12800,66.67
20,548,DUCON,EQ,1102565,754777,68.46
20,549,DUGLOBAL,SM,10625,8125,76.47
20,550,DVL,EQ,16063,10619,66.11
20,551,DWARKESH,EQ,1432116,568169,39.67
20,552,DYCL,EQ,299006,131718,44.05
20,553,DYNAMATECH,EQ,11542,5809,50.33
20,554,DYNAMIC,SM,14000,12000,85.71
20,555,DYNPRO,EQ,22360,9471,42.36
20,556,E2E,EQ,30139,18712,62.09
20,557,EASEMYTRIP,EQ,14343587,3981842,27.76
20,558,EBANK,EQ,34,32,94.12
20,559,EBBETF0425,EQ,3629,3563,98.18
20,560,EBBETF0430,EQ,6096,4400,72.18
20,561,EBBETF0431,EQ,4225,3317,78.51
20,562,EBBETF0433,EQ,6179,5795,93.79
20,563,ECLERX,EQ,944832,113094,11.97
20,564,ECLFINANCE,NG,425,425,100.00
20,565,ECLFINANCE,NH,218,218,100.00
20,566,ECLFINANCE,NI,237,237,100.00
20,567,ECLFINANCE,NJ,446,446,100.00
20,568,ECLFINANCE,NK,1060,1058,99.81
20,569,ECLFINANCE,NO,25,25,100.00
20,570,ECLFINANCE,NP,308,248,80.52
20,571,ECLFINANCE,NQ,8,8,100.00
20,572,ECLFINANCE,NR,673,672,99.85
20,573,ECLFINANCE,NS,2,0,0.00
20,574,EDELWEISS,EQ,11724943,5461019,46.58
20,575,EHFLNCD,N6,137,136,99.27
20,576,EICHERMOT,EQ,516724,269736,52.20
20,577,EIDPARRY,EQ,147251,78297,53.17
20,578,EIFFL,EQ,15704,14769,94.05
20,579,EIHAHOTELS,EQ,37734,13862,36.74
20,580,EIHOTEL,EQ,495878,232631,46.91
20,581,EKC,EQ,1022333,375124,36.69
20,582,ELDEHSG,EQ,1149,869,75.63
20,583,ELECON,EQ,671975,296155,44.07
20,584,ELECTCAST,EQ,942986,444665,47.15
20,585,ELECTHERM,EQ,86443,86442,100.00
20,586,ELGIEQUIP,EQ,584267,145797,24.95
20,587,ELGIRUBCO,EQ,259477,159965,61.65
20,588,ELIN,EQ,640045,237316,37.08
20,589,EMAMILTD,BO,65058,65058,100.00
20,590,EMAMILTD,EQ,943023,533449,56.57
20,591,EMAMIPAP,EQ,61459,36316,59.09
20,592,EMAMIREAL,EQ,21483,14693,68.39
20,593,EMBASSY,RR,517727,469960,90.77
20,594,EMIL,EQ,723383,460026,63.59
20,595,EMKAY,EQ,28464,15916,55.92
20,596,EMKAYTOOLS,SM,600,600,100.00
20,597,EMMBI,EQ,22401,17045,76.09
20,598,EMUDHRA,EQ,144439,76558,53.00
20,599,ENDURANCE,EQ,20384,10012,49.12
20,600,ENERGYDEV,EQ,37558,25642,68.27
20,601,ENGINERSIN,EQ,31090947,5057232,16.27
20,602,ENIL,EQ,25128,20502,81.59
20,603,EPL,EQ,400745,216311,53.98
20,604,EQUITASBNK,EQ,7805517,3889097,49.82
20,605,ERFLNCDI,N5,101,91,90.10
20,606,ERIS,EQ,44895,34093,75.94
20,607,EROSMEDIA,EQ,358030,294494,82.25
20,608,ESABINDIA,EQ,10412,5562,53.42
20,609,ESCORTS,EQ,125883,34034,27.04
20,610,ESSARSHPNG,EQ,721196,464386,64.39
20,611,ESSENTIA,EQ,318391,192847,60.57
20,612,ESTER,EQ,446693,244444,54.72
20,613,ETHOSLTD,EQ,15001,6356,42.37
20,614,EUROBOND,SM,28000,21000,75.00
20,615,EUROTEXIND,EQ,3977,3977,100.00
20,616,EVEREADY,EQ,138644,81304,58.64
20,617,EVERESTIND,EQ,3685,2159,58.59
20,618,EXCEL,EQ,7720215,4581029,59.34
20,619,EXCELINDUS,EQ,5248,3032,57.77
20,620,EXIDEIND,EQ,1649502,606983,36.80
20,621,EXPLEOSOL,EQ,29916,16275,54.40
20,622,EXXARO,EQ,346306,75568,21.82
20,623,FACT,EQ,526043,114276,21.72
20,624,FAIRCHEMOR,EQ,9859,5539,56.18
20,625,FAZE3Q,EQ,11858,8671,73.12
20,626,FCL,EQ,495214,167954,33.92
20,627,FCSSOFT,EQ,3292853,2067960,62.80
20,628,FDC,EQ,276543,176376,63.78
20,629,FEDERALBNK,EQ,8267792,4349230,52.60
20,630,FELIX,SM,12000,12000,100.00
20,631,FIBERWEB,EQ,19203,10474,54.54
20,632,FIDEL,SM,81000,45000,55.56
20,633,FIEMIND,EQ,29700,14317,48.21
20,634,FILATEX,EQ,384302,227226,59.13
20,635,FINCABLES,EQ,687800,296679,43.13
20,636,FINEORG,EQ,29695,16688,56.20
20,637,FINOPB,EQ,53310,34648,64.99
20,638,FINPIPE,EQ,576752,233474,40.48
20,639,FIVESTAR,EQ,162183,100369,61.89
20,640,FLEXITUFF,EQ,26334,15837,60.14
20,641,FLUOROCHEM,EQ,130112,112284,86.30
20,642,FMGOETZE,EQ,47353,32644,68.94
20,643,FMNL,EQ,31959,18186,56.90
20,644,FOCE,SM,200,200,100.00
20,645,FOCUS,EQ,29082,22331,76.79
20,646,FOODSIN,EQ,365244,224729,61.53
20,647,FORCEMOT,EQ,68509,33811,49.35
20,648,FORTIS,EQ,1220481,750602,61.50
20,649,FOSECOIND,EQ,5257,2371,45.10
20,650,FROG,SM,81200,62000,76.35
20,651,FSL,EQ,1175227,518644,44.13
20,652,FUSION,EQ,179595,71218,39.65
20,653,GABRIEL,EQ,674389,394416,58.48
20,654,GAEL,EQ,182670,92692,50.74
20,655,GAIL,EQ,8058796,3094949,38.40
20,656,GAL,EQ,1297881,478531,36.87
20,657,GALAXYSURF,EQ,8875,5282,59.52
20,658,GALLANTT,EQ,26419,17649,66.80
20,659,GANDHITUBE,EQ,20963,13068,62.34
20,660,GANECOS,EQ,29785,15873,53.29
20,661,GANESHBE,EQ,162759,97767,60.07
20,662,GANESHHOUC,EQ,25006,16012,64.03
20,663,GANGAFORGE,EQ,164329,147194,89.57
20,664,GANGESSECU,EQ,2415,1756,72.71
20,665,GARFIBRES,EQ,11860,5453,45.98
20,666,GATEWAY,EQ,2059667,1641945,79.72
20,667,GATI,EQ,330915,163171,49.31
20,668,GEECEE,EQ,7791,4212,54.06
20,669,GEEKAYWIRE,EQ,111594,74875,67.10
20,670,GENCON,EQ,173086,45483,26.28
20,671,GENESYS,EQ,18205,10147,55.74
20,672,GENUSPAPER,EQ,78423,57929,73.87
20,673,GENUSPOWER,EQ,166235,120656,72.58
20,674,GEOJITFSL,EQ,194010,131217,67.63
20,675,GEPIL,EQ,267064,139533,52.25
20,676,GESHIP,EQ,189993,96797,50.95
20,677,GFLLIMITED,EQ,24270,16522,68.08
20,678,GHCL,EQ,130781,88467,67.65
20,679,GICHSGFIN,EQ,150373,69575,46.27
20,680,GICRE,EQ,873306,364857,41.78
20,681,GILLANDERS,EQ,3185,1573,49.39
20,682,GILLETTE,EQ,14674,7632,52.01
20,683,GILT5YBEES,EQ,189404,176733,93.31
20,684,GINNIFILA,EQ,59475,43983,73.95
20,685,GIPCL,EQ,511438,371031,72.55
20,686,GKWLIMITED,EQ,153,130,84.97
20,687,GLAND,EQ,503070,337807,67.15
20,688,GLAXO,EQ,121766,115094,94.52
20,689,GLENMARK,EQ,848123,469486,55.36
20,690,GLFL,EQ,1223,1123,91.82
20,691,GLOBAL,EQ,140603,87189,62.01
20,692,GLOBALVECT,EQ,6579,3636,55.27
20,693,GLOBE,EQ,597617,349450,58.47
20,694,GLOBUSSPR,EQ,103171,44761,43.39
20,695,GLS,EQ,262839,162544,61.84
20,696,GMBREW,EQ,27323,17978,65.80
20,697,GMDCLTD,EQ,1298438,504155,38.83
20,698,GMMPFAUDLR,EQ,123436,62340,50.50
20,699,GMRINFRA,EQ,45153505,18674597,41.36
20,700,GMRP&UI,EQ,297359,235472,79.19
20,701,GNA,EQ,37681,22493,59.69
20,702,GNFC,EQ,964296,348227,36.11
20,703,GOACARBON,EQ,13544,6352,46.90
20,704,GOCLCORP,EQ,16161,11017,68.17
20,705,GOCOLORS,EQ,59049,35350,59.87
20,706,GODFRYPHLP,EQ,102756,44214,43.03
20,707,GODHA,EQ,232883,232883,100.00
20,708,GODREJAGRO,EQ,53464,31444,58.81
20,709,GODREJCP,EQ,504045,315483,62.59
20,710,GODREJIND,EQ,298724,143715,48.11
20,711,GODREJPROP,EQ,434395,173337,39.90
20,712,GOKEX,EQ,837980,312386,37.28
20,713,GOKUL,EQ,73858,56452,76.43
20,714,GOKULAGRO,EQ,92412,65192,70.54
20,715,GOLDBEES,EQ,2542716,1963849,77.23
20,716,GOLDIAM,EQ,163081,84789,51.99
20,717,GOLDSHARE,EQ,54247,36756,67.76
20,718,GOLDSTAR,SM,36000,36000,100.00
20,719,GOLDTECH,EQ,203208,135598,66.73
20,720,GOODLUCK,EQ,383197,220326,57.50
20,721,GOODYEAR,EQ,165730,64430,38.88
20,722,GOYALALUM,EQ,452584,365197,80.69
20,723,GPIL,EQ,161052,82496,51.22
20,724,GPPL,EQ,1547501,852860,55.11
20,725,GPTINFRA,EQ,56394,45869,81.34
20,726,GRANULES,EQ,738499,297472,40.28
20,727,GRAPHITE,EQ,218003,91199,41.83
20,728,GRASIM,EQ,667890,307801,46.09
20,729,GRAUWEIL,EQ,2343047,968849,41.35
20,730,GRAVITA,EQ,564097,206730,36.65
20,731,GRCL,SM,12000,8000,66.67
20,732,GREAVESCOT,EQ,7543010,3830637,50.78
20,733,GREENLAM,EQ,794170,149998,18.89
20,734,GREENPANEL,EQ,272324,175966,64.62
20,735,GREENPLY,EQ,168677,90685,53.76
20,736,GREENPOWER,EQ,2602443,1442212,55.42
20,737,GRINDWELL,EQ,56510,27513,48.69
20,738,GRINFRA,EQ,15889,7438,46.81
20,739,GRMOVER,EQ,129984,95407,73.40
20,740,GROBTEA,EQ,493,455,92.29
20,741,GRPLTD,EQ,1324,1173,88.60
20,742,GRSE,EQ,261005,98971,37.92
20,743,GRWRHITECH,EQ,44977,26925,59.86
20,744,GSFC,EQ,3874534,1722380,44.45
20,745,GSLSU,EQ,184158,27057,14.69
20,746,GSPL,EQ,676573,302675,44.74
20,747,GSS,EQ,23114,12384,53.58
20,748,GSTL,SM,15000,10000,66.67
20,749,GTL,EQ,776005,480340,61.90
20,750,GTLINFRA,EQ,8458008,7603354,89.90
20,751,GTPL,EQ,29705,16717,56.28
20,752,GUFICBIO,EQ,77428,49266,63.63
20,753,GUJALKALI,EQ,72207,37598,52.07
20,754,GUJAPOLLO,EQ,6664,4025,60.40
20,755,GUJGASLTD,EQ,967925,498226,51.47
20,756,GULFOILLUB,EQ,41261,28178,68.29
20,757,GULFPETRO,EQ,35890,25520,71.11
20,758,GULPOLY,EQ,30717,19347,62.98
20,759,GVKPIL,EQ,1227163,895936,73.01
20,760,HAL,EQ,1008328,563897,55.92
20,761,HAPPSTMNDS,EQ,272943,112434,41.19
20,762,HARDWYN,EQ,114638,30161,26.31
20,763,HARIOMPIPE,EQ,188496,86562,45.92
20,764,HARRMALAYA,EQ,66140,39552,59.80
20,765,HARSHA,EQ,129246,68682,53.14
20,766,HATHWAY,EQ,3461418,1237202,35.74
20,767,HATSUN,EQ,10488,6176,58.89
20,768,HAVELLS,EQ,319481,120861,37.83
20,769,HBANKETF,EQ,1984,1565,78.88
20,770,HBLPOWER,EQ,1983542,868313,43.78
20,771,HBSL,EQ,5459,2564,46.97
20,772,HCC,EQ,16120606,6519739,40.44
20,773,HCG,EQ,233208,136421,58.50
20,774,HCL-INSYS,EQ,672154,369535,54.98
20,775,HCLTECH,EQ,1288914,706288,54.80
20,776,HDFC,EQ,3030616,1770519,58.42
20,777,HDFC,W3,322200,304800,94.60
20,778,HDFCAMC,EQ,697864,228352,32.72
20,779,HDFCBANK,EQ,10908146,3151605,28.89
20,780,HDFCBSE500,EQ,1795,1588,88.47
20,781,HDFCGROWTH,EQ,2881,2294,79.63
20,782,HDFCLIFE,EQ,2794717,1210060,43.30
20,783,HDFCLOWVOL,EQ,2945,2765,93.89
20,784,HDFCMFGETF,EQ,573278,359602,62.73
20,785,HDFCMID150,EQ,5768,5293,91.76
20,786,HDFCMOMENT,EQ,1621,1117,68.91
20,787,HDFCNEXT50,EQ,153,153,100.00
20,788,HDFCNIF100,EQ,1981,1851,93.44
20,789,HDFCNIFETF,EQ,38612,31838,82.46
20,790,HDFCNIFIT,EQ,2557,2064,80.72
20,791,HDFCPVTBAN,EQ,344,243,70.64
20,792,HDFCQUAL,EQ,3158,3145,99.59
20,793,HDFCSENETF,EQ,3671,2484,67.67
20,794,HDFCSILVER,EQ,82357,55269,67.11
20,795,HDFCSML250,EQ,150327,113234,75.33
20,796,HDFCVALUE,EQ,2764,1459,52.79
20,797,HEADSUP,EQ,241116,93120,38.62
20,798,HEALTHY,EQ,92443,47569,51.46
20,799,HECPROJECT,EQ,4730,2375,50.21
20,800,HEG,EQ,91318,34677,37.97
20,801,HEIDELBERG,EQ,113683,71172,62.61
20,802,HEMIPROP,EQ,277079,184973,66.76
20,803,HERANBA,EQ,36364,18581,51.10
20,804,HERCULES,EQ,1252345,276827,22.10
20,805,HERITGFOOD,EQ,1213066,432233,35.63
20,806,HEROMOTOCO,EQ,462628,255078,55.14
20,807,HESTERBIO,EQ,1016,614,60.43
20,808,HEUBACHIND,EQ,10999,5141,46.74
20,809,HEXATRADEX,EQ,1368,942,68.86
20,810,HFCL,EQ,2111006,1018561,48.25
20,811,HGINFRA,EQ,73030,37429,51.25
20,812,HGS,EQ,35906,20802,57.93
20,813,HIKAL,EQ,337977,165659,49.01
20,814,HIL,EQ,5962,3595,60.30
20,815,HILTON,EQ,191242,79121,41.37
20,816,HIMATSEIDE,EQ,681185,221685,32.54
20,817,HINDALCO,EQ,8350721,3507095,42.00
20,818,HINDCOMPOS,EQ,28282,17924,63.38
20,819,HINDCON,EQ,30191,21311,70.59
20,820,HINDCOPPER,EQ,5489963,2096426,38.19
20,821,HINDMOTORS,EQ,324279,229734,70.84
20,822,HINDOILEXP,EQ,944194,341641,36.18
20,823,HINDPETRO,EQ,774477,267753,34.57
20,824,HINDUNILVR,EQ,698267,439251,62.91
20,825,HINDWAREAP,EQ,878479,260787,29.69
20,826,HINDZINC,EQ,453398,261884,57.76
20,827,HIRECT,EQ,444798,166591,37.45
20,828,HISARMETAL,EQ,150132,81730,54.44
20,829,HITECH,EQ,1548815,842211,54.38
20,830,HITECHCORP,EQ,4659,2718,58.34
20,831,HITECHGEAR,EQ,81643,47501,58.18
20,832,HLEGLAS,EQ,64875,33883,52.23
20,833,HLVLTD,EQ,262134,175238,66.85
20,834,HMVL,EQ,569282,377881,66.38
20,835,HNDFDS,EQ,34162,27247,79.76
20,836,HNGSNGBEES,EQ,36280,29513,81.35
20,837,HOMEFIRST,EQ,396708,308098,77.66
20,838,HOMESFY,SM,3600,3000,83.33
20,839,HONAUT,EQ,1841,697,37.86
20,840,HONDAPOWER,EQ,6358,2725,42.86
20,841,HOVS,EQ,12067,6857,56.82
20,842,HPAL,EQ,98606,40733,41.31
20,843,HPIL,EQ,469,416,88.70
20,844,HPL,EQ,177249,90534,51.08
20,845,HSCL,EQ,2665197,1157206,43.42
20,846,HTMEDIA,EQ,551066,400740,72.72
20,847,HUBTOWN,EQ,113663,78451,69.02
20,848,HUDCO,EQ,7869120,2829738,35.96
20,849,HUDCO,N2,55,55,100.00
20,850,HUDCO,N5,250,250,100.00
20,851,HUDCO,N8,684,683,99.85
20,852,HUDCO,N9,273,273,100.00
20,853,HUDCO,ND,130,130,100.00
20,854,HUDCO,NE,2915,2764,94.82
20,855,HUHTAMAKI,EQ,114241,47660,41.72
20,856,IBMFNIFTY,EQ,2388,337,14.11
20,857,IBREALEST,EQ,8325261,2608101,31.33
20,858,IBUCCREDIT,NB,24,24,100.00
20,859,IBUCCREDIT,ND,32,32,100.00
20,860,IBUCCREDIT,NZ,20,20,100.00
20,861,IBULHSGFIN,EQ,28877604,6661540,23.07
20,862,IBULHSGFIN,NB,5,5,100.00
20,863,IBULHSGFIN,NN,50,50,100.00
20,864,IBULHSGFIN,Y6,5,5,100.00
20,865,IBULHSGFIN,YT,164,77,46.95
20,866,IBULHSGFIN,Z3,5,5,100.00
20,867,IBULHSGFIN,ZR,10,10,100.00
20,868,ICEMAKE,EQ,10604,6066,57.20
20,869,ICICI10GS,EQ,13,0,0.00
20,870,ICICI500,EQ,50566,31244,61.79
20,871,ICICI5GSEC,EQ,5476,5000,91.31
20,872,ICICIALPLV,EQ,213631,184146,86.20
20,873,ICICIAUTO,EQ,10739,8187,76.24
20,874,ICICIB22,EQ,170374,118866,69.77
20,875,ICICIBANK,EQ,12108079,4163616,34.39
20,876,ICICIBANKN,EQ,2751315,2719521,98.84
20,877,ICICIBANKP,EQ,6583,4670,70.94
20,878,ICICICOMMO,EQ,14966,11847,79.16
20,879,ICICICONSU,EQ,12035,11420,94.89
20,880,ICICIFIN,EQ,44707,31826,71.19
20,881,ICICIFMCG,EQ,5642,4391,77.83
20,882,ICICIGI,EQ,8245590,3048662,36.97
20,883,ICICIGOLD,EQ,645517,533560,82.66
20,884,ICICIINFRA,EQ,4369,2685,61.46
20,885,ICICILIQ,EQ,1131865,641699,56.69
20,886,ICICILOVOL,EQ,121701,108086,88.81
20,887,ICICIM150,EQ,56166,52079,92.72
20,888,ICICIMCAP,EQ,13294,11323,85.17
20,889,ICICIMOM30,EQ,15279,7498,49.07
20,890,ICICINF100,EQ,8138,6973,85.68
20,891,ICICINIFTY,EQ,261280,177872,68.08
20,892,ICICINV20,EQ,50335,38394,76.28
20,893,ICICINXT50,EQ,189371,163220,86.19
20,894,ICICIPHARM,EQ,15546,5726,36.83
20,895,ICICIPRULI,EQ,3646628,898665,24.64
20,896,ICICISENSX,EQ,1654,1081,65.36
20,897,ICICISILVE,EQ,236008,201480,85.37
20,898,ICICITECH,EQ,2703676,1490236,55.12
20,899,ICIL,EQ,152861,53755,35.17
20,900,ICRA,EQ,25328,22266,87.91
20,901,IDBI,EQ,7069032,2226892,31.50
20,902,IDBIGOLD,EQ,286,181,63.29
20,903,IDEA,EQ,86663626,24159627,27.88
20,904,IDFC,EQ,5641553,1995714,35.38
20,905,IDFCFIRSTB,EQ,30903068,12377361,40.05
20,906,IDFNIFTYET,EQ,341,189,55.43
20,907,IEL,EQ,560808,408584,72.86
20,908,IEX,EQ,3914243,1206936,30.83
20,909,IFBAGRO,EQ,3182,1656,52.04
20,910,IFBIND,EQ,42731,24138,56.49
20,911,IFCI,EQ,3782139,2100670,55.54
20,912,IFCI,NH,170,170,100.00
20,913,IFCI,NL,100,100,100.00
20,914,IFGLEXPOR,EQ,242526,107022,44.13
20,915,IGARASHI,EQ,40390,22295,55.20
20,916,IGL,EQ,1167944,789423,67.59
20,917,IGPL,EQ,17834,9821,55.07
20,918,IIFCL,N2,1000,1000,100.00
20,919,IIFCL,N4,70,70,100.00
20,920,IIFL,EQ,758417,556921,73.43
20,921,IIFL,ND,1,1,100.00
20,922,IIFL,NE,321,110,34.27
20,923,IIFL,NF,3236,2872,88.75
20,924,IIFL,NG,30,30,100.00
20,925,IIFL,NH,442,442,100.00
20,926,IIFL,NK,25,25,100.00
20,927,IIFL,NL,2121,2121,100.00
20,928,IIFL,NM,110,110,100.00
20,929,IIFL,NN,200,200,100.00
20,930,IIFL,NO,10,10,100.00
20,931,IIFL,NP,100,100,100.00
20,932,IIFL,NS,2388,2150,90.03
20,933,IIFL,NT,197,197,100.00
20,934,IIFLSEC,EQ,289168,195489,67.60
20,935,IIHFL,N4,445,445,100.00
20,936,IIHFL,N5,1450,1311,90.41
20,937,IIHFL,N6,1219,1118,91.71
20,938,IIHFL,N9,100,100,100.00
20,939,IIHFL,NC,200,100,50.00
20,940,IITL,EQ,14338,9472,66.06
20,941,IMAGICAA,EQ,692565,474938,68.58
20,942,IMC1,N0,1528,1360,89.01
20,943,IMC1,N1,437,427,97.71
20,944,IMC1,N2,423,238,56.26
20,945,IMC1,N3,509,310,60.90
20,946,IMFA,EQ,57817,34679,59.98
20,947,IMPAL,EQ,1285,885,68.87
20,948,IMPEXFERRO,EQ,57581,49082,85.24
20,949,INCREDFIN,N2,7,7,100.00
20,950,INCREDFIN,N6,200,200,100.00
20,951,INCREDIBLE,EQ,12636,8054,63.74
20,952,INDBANK,EQ,35144,26454,75.27
20,953,INDHOTEL,EQ,4011007,1346492,33.57
20,954,INDIACEM,EQ,3115900,1180454,37.88
20,955,INDIAGLYCO,EQ,70839,35550,50.18
20,956,INDIAMART,EQ,32425,12321,38.00
20,957,INDIANB,EQ,1575725,926860,58.82
20,958,INDIANCARD,EQ,6193,3590,57.97
20,959,INDIANHUME,EQ,38600,21837,56.57
20,960,INDIGO,EQ,644870,451155,69.96
20,961,INDIGOPNTS,EQ,478607,210518,43.99
20,962,INDIGRID,IV,262216,259246,98.87
20,963,INDIGRID,NJ,837,767,91.64
20,964,INDNIPPON,EQ,14543,7907,54.37
20,965,INDOAMIN,EQ,79181,44593,56.32
20,966,INDOBORAX,EQ,47629,32127,67.45
20,967,INDOCO,EQ,61542,16264,26.43
20,968,INDORAMA,EQ,56833,37187,65.43
20,969,INDOTECH,EQ,157331,94452,60.03
20,970,INDOTHAI,EQ,3100,1814,58.52
20,971,INDOWIND,EQ,72797,53748,73.83
20,972,INDSWFTLAB,EQ,565557,342897,60.63
20,973,INDSWFTLTD,EQ,25563,20135,78.77
20,974,INDTERRAIN,EQ,95081,60586,63.72
20,975,INDUSINDBK,EQ,2985334,1348476,45.17
20,976,INDUSTOWER,EQ,9249811,4221040,45.63
20,977,INFIBEAM,EQ,6409620,2828098,44.12
20,978,INFINIUM,SM,27000,23000,85.19
20,979,INFOBEAN,EQ,24816,15573,62.75
20,980,INFRABEES,EQ,5880,4070,69.22
20,981,INFY,EQ,4419365,2373446,53.71
20,982,INGERRAND,EQ,34277,14340,41.84
20,983,INNOVANA,SM,2800,2800,100.00
20,984,INOXGREEN,EQ,2209614,1137341,51.47
20,985,INOXWIND,EQ,8453640,3345891,39.58
20,986,INSECTICID,EQ,46005,23040,50.08
20,987,INSPIRISYS,EQ,44656,39155,87.68
20,988,INTELLECT,EQ,560074,170403,30.43
20,989,INTENTECH,EQ,223494,124238,55.59
20,990,INTLCONV,EQ,73338,45855,62.53
20,991,INVENTURE,EQ,1914706,1188302,62.06
20,992,IOB,EQ,7911110,2874646,36.34
20,993,IOC,EQ,6891927,3628676,52.65
20,994,IOLCP,EQ,269091,108352,40.27
20,995,IONEXCHANG,EQ,69402,36429,52.49
20,996,IPCALAB,EQ,962650,260582,27.07
20,997,IPL,EQ,47109,32630,69.26
20,998,IPSL,SM,2000,2000,100.00
20,999,IRB,EQ,5194385,2934571,56.50
20,1000,IRBINVIT,IV,189005,180675,95.59
20,1001,IRCON,EQ,24141579,6528616,27.04
20,1002,IRCTC,EQ,4019467,1360373,33.84
20,1003,IREDA,N4,1,1,100.00
20,1004,IREDA,N7,29,29,100.00
20,1005,IRFC,EQ,38342982,10142639,26.45
20,1006,IRFC,N2,446,446,100.00
20,1007,IRFC,N9,100,100,100.00
20,1008,IRFC,NA,1830,1415,77.32
20,1009,IRFC,NE,342,342,100.00
20,1010,IRFC,NJ,281,281,100.00
20,1011,IRFC,NK,1587,1070,67.42
20,1012,IRFC,NN,132,132,100.00
20,1013,IRIS,EQ,81990,55280,67.42
20,1014,IRISDOREME,EQ,12167,1079,8.87
20,1015,ISEC,EQ,353762,164288,46.44
20,1016,ISFT,EQ,4434,1611,36.33
20,1017,ISGEC,EQ,631407,187133,29.64
20,1018,ISHAN,SM,8000,4800,60.00
20,1019,ISMTLTD,EQ,310918,156151,50.22
20,1020,ITBEES,EQ,6481035,5263810,81.22
20,1021,ITC,EQ,19826254,12959439,65.37
20,1022,ITDC,EQ,15808,8730,55.23
20,1023,ITDCEM,EQ,1111876,568464,51.13
20,1024,ITI,EQ,287229,102138,35.56
20,1025,IVC,EQ,343465,279969,81.51
20,1026,IVZINGOLD,EQ,198,108,54.55
20,1027,IVZINNIFTY,EQ,1,1,100.00
20,1028,IWEL,EQ,19821,10983,55.41
20,1029,IZMO,EQ,272637,150145,55.07
20,1030,JAGRAN,EQ,148573,89140,60.00
20,1031,JAGSNPHARM,EQ,9178,5653,61.59
20,1032,JAICORPLTD,EQ,2028541,458240,22.59
20,1033,JAIPURKURT,EQ,7870,1791,22.76
20,1034,JALAN,SM,30000,27000,90.00
20,1035,JAMNAAUTO,EQ,1203146,521674,43.36
20,1036,JASH,EQ,6888,4730,68.67
20,1037,JAYAGROGN,EQ,198057,83504,42.16
20,1038,JAYBARMARU,EQ,31011,17429,56.20
20,1039,JAYNECOIND,EQ,229601,193807,84.41
20,1040,JAYSREETEA,EQ,6023,2523,41.89
20,1041,JBCHEPHARM,EQ,141310,67438,47.72
20,1042,JBMA,EQ,182559,90646,49.65
20,1043,JCHAC,EQ,17689,12410,70.16
20,1044,JETFREIGHT,EQ,30270,23519,77.70
20,1045,JFLLIFE,SM,16000,10000,62.50
20,1046,JHS,EQ,45236,37222,82.28
20,1047,JINDALPHOT,EQ,21073,8984,42.63
20,1048,JINDALPOLY,EQ,101195,34092,33.69
20,1049,JINDALSAW,EQ,1561998,529265,33.88
20,1050,JINDALSTEL,EQ,2046489,694593,33.94
20,1051,JINDRILL,EQ,104757,41755,39.86
20,1052,JINDWORLD,EQ,52793,20781,39.36
20,1053,JISLDVREQS,EQ,195957,152668,77.91
20,1054,JISLJALEQS,EQ,6534447,2616323,40.04
20,1055,J&KBANK,EQ,3489365,1344895,38.54
20,1056,JKCEMENT,EQ,207748,60332,29.04
20,1057,JKIL,EQ,101159,79688,78.77
20,1058,JKLAKSHMI,EQ,397049,207012,52.14
20,1059,JKPAPER,EQ,485352,179045,36.89
20,1060,JKTYRE,EQ,828223,306947,37.06
20,1061,JMA,EQ,6099,4587,75.21
20,1062,JMFINANCIL,EQ,3510254,1428084,40.68
20,1063,JOCIL,EQ,2528,1747,69.11
20,1064,JPASSOCIAT,EQ,3871886,2187235,56.49
20,1065,JPOLYINVST,EQ,7933,4866,61.34
20,1066,JPPOWER,EQ,17019586,8501218,49.95
20,1067,JSL,EQ,280108,164213,58.62
20,1068,JSLL,SM,18000,16500,91.67
20,1069,JSWENERGY,EQ,669161,307759,45.99
20,1070,JSWHL,EQ,584,320,54.79
20,1071,JSWISPL,EQ,406158,281408,69.29
20,1072,JSWSTEEL,EQ,1467219,584122,39.81
20,1073,JTEKTINDIA,EQ,1233281,457377,37.09
20,1074,JTLIND,EQ,163940,99695,60.81
20,1075,JUBLFOOD,EQ,1004989,351599,34.99
20,1076,JUBLINDS,EQ,47978,14356,29.92
20,1077,JUBLINGREA,EQ,324184,133029,41.04
20,1078,JUBLPHARMA,EQ,142726,72753,50.97
20,1079,JUNIORBEES,EQ,136732,71202,52.07
20,1080,JUSTDIAL,EQ,242205,98247,40.56
20,1081,JWL,EQ,2323183,1362976,58.67
20,1082,JYOTHYLAB,EQ,278489,127868,45.91
20,1083,KABRAEXTRU,EQ,55428,27731,50.03
20,1084,KAJARIACER,EQ,410608,295080,71.86
20,1085,KAKATCEM,EQ,7417,4129,55.67
20,1086,KALPATPOWR,EQ,356021,205406,57.69
20,1087,KALYANKJIL,EQ,790306,338259,42.80
20,1088,KAMDHENU,EQ,155656,60781,39.05
20,1089,KAMOPAINTS,EQ,209190,47613,22.76
20,1090,KANANIIND,EQ,101973,61085,59.90
20,1091,KANDARP,SM,64000,52000,81.25
20,1092,KANORICHEM,EQ,45668,34309,75.13
20,1093,KANPRPLA,EQ,20827,11852,56.91
20,1094,KANSAINER,EQ,512030,425190,83.04
20,1095,KAPSTON,EQ,12277,11583,94.35
20,1096,KARMAENG,EQ,8243,5068,61.48
20,1097,KARURVYSYA,EQ,7643052,2894679,37.87
20,1098,KAUSHALYA,EQ,19634,14404,73.36
20,1099,KAYA,EQ,19322,15161,78.46
20,1100,KAYNES,EQ,53708,23890,44.48
20,1101,KBCGLOBAL,EQ,7591113,5507479,72.55
20,1102,KCP,EQ,129184,72822,56.37
20,1103,KCPSUGIND,EQ,866157,346684,40.03
20,1104,KDDL,EQ,35018,23459,66.99
20,1105,KEC,EQ,265708,84773,31.90
20,1106,KEI,EQ,183379,130479,71.15
20,1107,KELLTONTEC,EQ,2358563,1043647,44.25
20,1108,KENNAMET,EQ,4482,2559,57.10
20,1109,KESORAMIND,EQ,459102,267085,58.18
20,1110,KEYFINSERV,EQ,35521,24132,67.94
20,1111,KFINTECH,EQ,139782,71479,51.14
20,1112,KHADIM,EQ,17497,10242,58.54
20,1113,KHAICHEM,EQ,138753,81396,58.66
20,1114,KHAITANLTD,EQ,14694,8744,59.51
20,1115,KHFM,SM,3100,3100,100.00
20,1116,KICL,EQ,1906,1591,83.47
20,1117,KIMS,EQ,79551,55538,69.81
20,1118,KINGFA,EQ,25684,9705,37.79
20,1119,KIOCL,EQ,13847,8592,62.05
20,1120,KIRIINDUS,EQ,110139,60746,55.15
20,1121,KIRLFER,EQ,85314,33790,39.61
20,1122,KIRLOSBROS,EQ,104702,52701,50.33
20,1123,KIRLOSENG,EQ,228274,145975,63.95
20,1124,KIRLOSIND,EQ,9505,7903,83.15
20,1125,KIRLPNU,EQ,30480,22402,73.50
20,1126,KITEX,EQ,280196,117302,41.86
20,1127,KKCL,EQ,98542,57405,58.25
20,1128,KMSUGAR,EQ,696114,330974,47.55
20,1129,KNAGRI,SM,19200,19200,100.00
20,1130,KNRCON,EQ,302428,159814,52.84
20,1131,KOKUYOCMLN,EQ,247211,128066,51.80
20,1132,KOLTEPATIL,EQ,839913,503054,59.89
20,1133,KOPRAN,EQ,118522,60518,51.06
20,1134,KORE,SM,2000,2000,100.00
20,1135,KOTAKALPHA,EQ,269159,169605,63.01
20,1136,KOTAKBANK,EQ,3775509,2645848,70.08
20,1137,KOTAKBKETF,EQ,41698,26285,63.04
20,1138,KOTAKCONS,EQ,1466,1357,92.56
20,1139,KOTAKGOLD,EQ,182392,128890,70.67
20,1140,KOTAKIT,EQ,105912,76438,72.17
20,1141,KOTAKLIQ,EQ,92,91,98.91
20,1142,KOTAKLOVOL,EQ,9163,5336,58.23
20,1143,KOTAKMID50,EQ,14831,12733,85.85
20,1144,KOTAKMNC,EQ,9168,8131,88.69
20,1145,KOTAKNIFTY,EQ,41331,28176,68.17
20,1146,KOTAKNV20,EQ,9486,4495,47.39
20,1147,KOTAKPSUBK,EQ,35061,30062,85.74
20,1148,KOTAKSILVE,EQ,31739,29438,92.75
20,1149,KOTARISUG,EQ,353947,145946,41.23
20,1150,KOTHARIPET,EQ,123874,95474,77.07
20,1151,KOTHARIPRO,EQ,13515,7339,54.30
20,1152,KOTYARK,SM,12000,7600,63.33
20,1153,KOVAI,EQ,6205,4232,68.20
20,1154,KPIGREEN,EQ,278945,123620,44.32
20,1155,KPITTECH,EQ,755851,261791,34.64
20,1156,KPRMILL,EQ,101254,49876,49.26
20,1157,KRBL,EQ,387943,174703,45.03
20,1158,KREBSBIO,EQ,3688,2743,74.38
20,1159,KRIDHANINF,EQ,98304,98302,100.00
20,1160,KRISHANA,EQ,62995,52492,83.33
20,1161,KRISHCA,ST,66000,66000,100.00
20,1162,KRISHIVAL,SM,2500,2500,100.00
20,1163,KRISHNADEF,SM,151000,121000,80.13
20,1164,KRITI,EQ,46391,34215,73.75
20,1165,KRITIKA,EQ,950826,710608,74.74
20,1166,KRITINUT,EQ,65168,33034,50.69
20,1167,KRSNAA,EQ,114337,49792,43.55
20,1168,KSB,EQ,10628,4827,45.42
20,1169,KSCL,EQ,33859,18369,54.25
20,1170,KSHITIJPOL,EQ,331063,208717,63.04
20,1171,KSL,EQ,27941,17765,63.58
20,1172,KSOLVES,EQ,80546,50556,62.77
20,1173,KTKBANK,EQ,9201959,3148368,34.21
20,1174,KUANTUM,EQ,20090,12773,63.58
20,1175,LAGNAM,EQ,152541,107697,70.60
20,1176,LALPATHLAB,EQ,86962,30880,35.51
20,1177,LAMBODHARA,EQ,348869,149603,42.88
20,1178,LANDMARK,EQ,104938,56361,53.71
20,1179,LAOPALA,EQ,580252,126522,21.80
20,1180,LASA,EQ,14532,11603,79.84
20,1181,LATENTVIEW,EQ,224709,127936,56.93
20,1182,LATTEYS,EQ,495349,224428,45.31
20,1183,LAURUSLABS,EQ,932053,379958,40.77
20,1184,LAXMICOT,EQ,40368,33630,83.31
20,1185,LAXMIMACH,EQ,8175,5013,61.32
20,1186,LCCINFOTEC,EQ,31481,31378,99.67
20,1187,LEMERITE,SM,4800,3200,66.67
20,1188,LEMONTREE,EQ,2466484,1289377,52.28
20,1189,LEXUS,EQ,6810,5896,86.58
20,1190,LFIC,EQ,24951,11919,47.77
20,1191,LGBBROSLTD,EQ,137485,50713,36.89
20,1192,LGBFORGE,EQ,37297,30048,80.56
20,1193,LIBAS,EQ,120070,77983,64.95
20,1194,LIBERTSHOE,EQ,48515,19756,40.72
20,1195,LICHSGFIN,EQ,1184824,556142,46.94
20,1196,LICI,EQ,1131333,533074,47.12
20,1197,LICNETFGSC,EQ,165300,151780,91.82
20,1198,LICNETFN50,EQ,744,658,88.44
20,1199,LICNETFSEN,EQ,89,27,30.34
20,1200,LICNFNHGP,EQ,178,98,55.06
20,1201,LIKHITHA,EQ,128290,61756,48.14
20,1202,LINC,EQ,31296,18145,57.98
20,1203,LINCOLN,EQ,133877,51732,38.64
20,1204,LINDEINDIA,EQ,13825,8657,62.62
20,1205,LIQUIDBEES,EQ,1383559,981589,70.95
20,1206,LIQUIDETF,EQ,283461,130839,46.16
20,1207,LLOYDS,SM,30000,30000,100.00
20,1208,LODHA,EQ,1247706,647628,51.91
20,1209,LOKESHMACH,EQ,319238,182181,57.07
20,1210,LOTUSEYE,EQ,3299,2017,61.14
20,1211,LOVABLE,EQ,44122,22438,50.85
20,1212,LOYALTEX,EQ,115,86,74.78
20,1213,LPDC,EQ,34440,26964,78.29
20,1214,LRRPL,SM,6000,6000,100.00
20,1215,LSIL,EQ,4861167,1980979,40.75
20,1216,LT,EQ,1369656,758099,55.35
20,1217,L&TFH,EQ,6101147,2686246,44.03
20,1218,L&TFINANCE,NC,200,200,100.00
20,1219,L&TFINANCE,NE,212,212,100.00
20,1220,L&TFINANCE,NO,4,4,100.00
20,1221,L&TFINANCE,NS,137,137,100.00
20,1222,L&TFINANCE,Y5,200,200,100.00
20,1223,L&TFINANCE,Y7,355,355,100.00
20,1224,LTGILTBEES,EQ,2161456,2154838,99.69
20,1225,LTIM,EQ,303516,149868,49.38
20,1226,LTTS,EQ,139377,47933,34.39
20,1227,LUMAXIND,EQ,68621,29193,42.54
20,1228,LUMAXTECH,EQ,216652,102535,47.33
20,1229,LUPIN,EQ,1895651,346907,18.30
20,1230,LUXIND,EQ,189699,34138,18.00
20,1231,LXCHEM,EQ,497697,207441,41.68
20,1232,LYKALABS,EQ,342349,184542,53.90
20,1233,LYPSAGEMS,EQ,10362,6497,62.70
20,1234,MAANALU,EQ,113355,61002,53.82
20,1235,MACPOWER,EQ,152768,83344,54.56
20,1236,MADHAV,EQ,21282,15164,71.25
20,1237,MADHAVBAUG,SM,18400,16800,91.30
20,1238,MADHUCON,EQ,54312,29006,53.41
20,1239,MADRASFERT,EQ,549914,126607,23.02
20,1240,MAESGETF,EQ,60426,58610,96.99
20,1241,MAFANG,EQ,966064,642892,66.55
20,1242,MAFSETF,EQ,178440,159339,89.30
20,1243,MAGADSUGAR,EQ,26857,16753,62.38
20,1244,MAGNUM,EQ,203537,133273,65.48
20,1245,MAGOLDETF,EQ,3207,1288,40.16
20,1246,MAGS813ETF,EQ,9,8,88.89
20,1247,MAHABANK,EQ,8543455,3602462,42.17
20,1248,MAHAPEXLTD,EQ,8819,5863,66.48
20,1249,MAHASTEEL,EQ,272562,80389,29.49
20,1250,MAHEPC,EQ,24096,15889,65.94
20,1251,MAHESHWARI,EQ,21421,16009,74.74
20,1252,MAHICKRA,SM,4500,4500,100.00
20,1253,MAHINDCIE,EQ,1014704,370019,36.47
20,1254,MAHKTECH,EQ,841608,554538,65.89
20,1255,MAHLIFE,EQ,2562772,600832,23.44
20,1256,MAHLOG,EQ,150765,107994,71.63
20,1257,MAHSCOOTER,EQ,12098,5668,46.85
20,1258,MAHSEAMLES,EQ,933877,494520,52.95
20,1259,MAITHANALL,EQ,24765,12270,49.55
20,1260,MAKS,SM,54000,30000,55.56
20,1261,MALLCOM,EQ,148736,36431,24.49
20,1262,MALUPAPER,EQ,40543,19686,48.56
20,1263,MAM150ETF,EQ,772081,672600,87.12
20,1264,MAMFGETF,EQ,8074,4301,53.27
20,1265,MAN50ETF,EQ,73503,68368,93.01
20,1266,MANAKALUCO,EQ,66358,39862,60.07
20,1267,MANAKCOAT,EQ,993618,414506,41.72
20,1268,MANAKSIA,EQ,1837517,816391,44.43
20,1269,MANAKSTEEL,EQ,62287,40243,64.61
20,1270,MANALIPETC,EQ,398420,237750,59.67
20,1271,MANAPPURAM,EQ,10250181,4339592,42.34
20,1272,MANGALAM,EQ,82002,59332,72.35
20,1273,MANGCHEFER,EQ,144926,96116,66.32
20,1274,MANGLMCEM,EQ,38944,22286,57.23
20,1275,MANINDS,EQ,416636,168672,40.48
20,1276,MANINFRA,EQ,719049,431246,59.97
20,1277,MANKIND,EQ,495981,241321,48.66
20,1278,MANORG,EQ,22615,13217,58.44
20,1279,MANUGRAPH,EQ,30744,22995,74.80
20,1280,MANV30F,EQ,343,191,55.69
20,1281,MANXT50,EQ,559,375,67.08
20,1282,MANYAVAR,EQ,80348,51496,64.09
20,1283,MAPMYINDIA,EQ,82759,50088,60.52
20,1284,MARALOVER,EQ,14356,6411,44.66
20,1285,MARATHON,EQ,35073,14949,42.62
20,1286,MARICO,EQ,980789,395375,40.31
20,1287,MARINE,EQ,710499,416150,58.57
20,1288,MARKSANS,EQ,1062311,594107,55.93
20,1289,MARSHALL,EQ,184849,86642,46.87
20,1290,MARUTI,EQ,236834,118304,49.95
20,1291,MASFIN,EQ,9074,5321,58.64
20,1292,MASPTOP50,EQ,171958,145635,84.69
20,1293,MASTEK,EQ,257010,148279,57.69
20,1294,MATRIMONY,EQ,33587,23056,68.65
20,1295,MAWANASUG,EQ,261296,108793,41.64
20,1296,MAXHEALTH,EQ,2280303,1405587,61.64
20,1297,MAXIND,EQ,183022,119531,65.31
20,1298,MAXVIL,EQ,250503,105275,42.03
20,1299,MAYURUNIQ,EQ,71610,40582,56.67
20,1300,MAZDA,EQ,888705,100576,11.32
20,1301,MAZDOCK,EQ,556566,177637,31.92
20,1302,MBAPL,EQ,4522,2977,65.83
20,1303,MBLINFRA,EQ,337910,264773,78.36
20,1304,MCDOWELL-N,EQ,1512222,1102127,72.88
20,1305,MCL,EQ,9906,7418,74.88
20,1306,MCLEODRUSS,EQ,99274,67551,68.05
20,1307,MCON,SM,15000,12000,80.00
20,1308,MCX,EQ,666609,187761,28.17
20,1309,MEDANTA,EQ,709885,512147,72.15
20,1310,MEDICAMEQ,EQ,38510,22467,58.34
20,1311,MEDICO,EQ,714421,242150,33.89
20,1312,MEDPLUS,EQ,1757479,184128,10.48
20,1313,MEGASOFT,EQ,542741,116493,21.46
20,1314,MEGASTAR,EQ,114613,62339,54.39
20,1315,MENONBE,EQ,393402,208577,53.02
20,1316,MEP,EQ,141379,101090,71.50
20,1317,METROBRAND,EQ,222887,144779,64.96
20,1318,METROPOLIS,EQ,186416,54375,29.17
20,1319,MFL,EQ,23965,12132,50.62
20,1320,MFSL,EQ,953527,398048,41.74
20,1321,MGL,EQ,158058,72438,45.83
20,1322,MHHL,SM,36000,30000,83.33
20,1323,MHLXMIRU,EQ,21126,14195,67.19
20,1324,MHRIL,EQ,284420,168414,59.21
20,1325,MID150BEES,EQ,108786,82775,76.09
20,1326,MIDHANI,EQ,354776,143121,40.34
20,1327,MINDACORP,EQ,1098689,629203,57.27
20,1328,MINDPOOL,SM,1000,1000,100.00
20,1329,MINDSPACE,RR,116460,101129,86.84
20,1330,MINDTECK,EQ,87019,34412,39.55
20,1331,MIRCELECTR,EQ,443230,265525,59.91
20,1332,MITCON,EQ,14687,9402,64.02
20,1333,MITTAL,EQ,93176,74236,79.67
20,1334,MKPL,SM,150,150,100.00
20,1335,M&M,EQ,6185862,3118492,50.41
20,1336,M&MFIN,EQ,2839519,1454938,51.24
20,1337,M&MFIN,N2,418,418,100.00
20,1338,MMFL,EQ,17352,7225,41.64
20,1339,MMP,EQ,37840,27846,73.59
20,1340,MMTC,EQ,1054044,485748,46.08
20,1341,MODISONLTD,EQ,55496,39097,70.45
20,1342,MOGSEC,EQ,14749,13504,91.56
20,1343,MOHEALTH,EQ,2702,1702,62.99
20,1344,MOHITIND,EQ,35555,17749,49.92
20,1345,MOIL,EQ,496001,244703,49.34
20,1346,MOKSH,EQ,57264,40159,70.13
20,1347,MOL,EQ,642992,332127,51.65
20,1348,MOLDTECH,EQ,122045,66753,54.70
20,1349,MOLDTKPAC,EQ,26324,18080,68.68
20,1350,MOLOWVOL,EQ,1930,1748,90.57
20,1351,MOM100,EQ,235644,211151,89.61
20,1352,MOM50,EQ,1072,756,70.52
20,1353,MOMENTUM,EQ,13927,12695,91.15
20,1354,MOMOMENTUM,EQ,43149,39011,90.41
20,1355,MON100,EQ,1443415,1108146,76.77
20,1356,MONARCH,EQ,32032,8891,27.76
20,1357,MONQ50,EQ,34148,23394,68.51
20,1358,MONTECARLO,EQ,39687,19323,48.69
20,1359,MOQUALITY,EQ,109,102,93.58
20,1360,MORARJEE,EQ,9874,6580,66.64
20,1361,MOREPENLAB,EQ,1045302,592770,56.71
20,1362,MOS,SM,62400,57600,92.31
20,1363,MOTHERSON,EQ,12544090,5856520,46.69
20,1364,MOTILALOFS,EQ,95087,44694,47.00
20,1365,MOTOGENFIN,EQ,1590,1145,72.01
20,1366,MOVALUE,EQ,1984,1976,99.60
20,1367,MOXSH,SM,5600,4800,85.71
20,1368,MPHASIS,EQ,379011,159376,42.05
20,1369,MPSLTD,EQ,16050,7877,49.08
20,1370,MRF,EQ,4096,1041,25.42
20,1371,MRO-TEK,EQ,4667,2742,58.75
20,1372,MRPL,EQ,3829151,1246155,32.54
20,1373,MSPL,EQ,113429,77462,68.29
20,1374,MSTCLTD,EQ,147583,92049,62.37
20,1375,MSUMI,EQ,4927537,2773758,56.29
20,1376,MTARTECH,EQ,84070,32124,38.21
20,1377,MTNL,EQ,943822,497373,52.70
20,1378,MUKANDLTD,EQ,95629,70399,73.62
20,1379,MUKTAARTS,EQ,7737,5824,75.27
20,1380,MUNJALAU,EQ,137436,88122,64.12
20,1381,MUNJALSHOW,EQ,27746,17945,64.68
20,1382,MURUDCERA,EQ,379372,198628,52.36
20,1383,MUTHOOTCAP,EQ,49311,27901,56.58
20,1384,MUTHOOTFIN,EQ,286216,100304,35.04
20,1385,MWL,SM,2400,1200,50.00
20,1386,NABARD,N1,15,15,100.00
20,1387,NABARD,N2,696,696,100.00
20,1388,NACLIND,EQ,117139,65188,55.65
20,1389,NAGAFERT,EQ,346635,277299,80.00
20,1390,NAGREEKCAP,EQ,18496,10222,55.27
20,1391,NAGREEKEXP,EQ,351267,230052,65.49
20,1392,NAHARCAP,EQ,16060,6165,38.39
20,1393,NAHARINDUS,EQ,53294,31261,58.66
20,1394,NAHARPOLY,EQ,25250,10991,43.53
20,1395,NAHARSPING,EQ,73829,35700,48.35
20,1396,NAM-INDIA,EQ,969898,286098,29.50
20,1397,NARMADA,EQ,5134,2868,55.86
20,1398,NATCOPHARM,EQ,2029363,595555,29.35
20,1399,NATHBIOGEN,EQ,9403,6475,68.86
20,1400,NATIONALUM,EQ,14212140,4988027,35.10
20,1401,NAUKRI,EQ,1166166,429332,36.82
20,1402,NAVA,EQ,1000116,480264,48.02
20,1403,NAVIFIN,N1,281,281,100.00
20,1404,NAVINFLUOR,EQ,81574,28947,35.49
20,1405,NAVKARCORP,EQ,3139749,1325303,42.21
20,1406,NAVNETEDUL,EQ,265500,161962,61.00
20,1407,NAZARA,EQ,378317,142815,37.75
20,1408,NBCC,EQ,6999593,3403189,48.62
20,1409,NBIFIN,EQ,143,70,48.95
20,1410,NCC,EQ,8225607,2749505,33.43
20,1411,NCLIND,EQ,371773,197882,53.23
20,1412,NDL,EQ,94111,74928,79.62
20,1413,NDLVENTURE,EQ,7292,4783,65.59
20,1414,NDRAUTO,EQ,146929,57815,39.35
20,1415,NDTV,EQ,144411,144409,100.00
20,1416,NECCLTD,EQ,40246,30699,76.28
20,1417,NECLIFE,EQ,147909,93579,63.27
20,1418,NELCAST,EQ,89231,55936,62.69
20,1419,NELCO,EQ,38350,17889,46.65
20,1420,NEOGEN,EQ,101781,51901,50.99
20,1421,NESCO,EQ,62696,32819,52.35
20,1422,NESTLEIND,EQ,53437,31175,58.34
20,1423,NETF,EQ,2989,2567,85.88
20,1424,NETWORK18,EQ,2768381,547050,19.76
20,1425,NEULANDLAB,EQ,64081,36067,56.28
20,1426,NEWGEN,EQ,189545,90938,47.98
20,1427,NEXTMEDIA,EQ,25023,19756,78.95
20,1428,NFL,EQ,3267522,1014345,31.04
20,1429,NGIL,EQ,6191,5347,86.37
20,1430,NGLFINE,EQ,2415,1559,64.55
20,1431,NH,EQ,231845,116967,50.45
20,1432,NHAI,N4,25,25,100.00
20,1433,NHAI,N6,20,20,100.00
20,1434,NHAI,N8,155,155,100.00
20,1435,NHAI,N9,4881,3778,77.40
20,1436,NHAI,NA,1536,936,60.94
20,1437,NHAI,NC,307,177,57.65
20,1438,NHAI,NE,299,274,91.64
20,1439,NHBTF2014,N5,21,21,100.00
20,1440,NHBTF2014,N6,47,9,19.15
20,1441,NHBTF2023,N6,20,20,100.00
20,1442,NHIT,N1,1223,1223,100.00
20,1443,NHIT,N2,1142,1132,99.12
20,1444,NHIT,N3,307,295,96.09
20,1445,NHPC,EQ,14580394,7982274,54.75
20,1446,NIACL,EQ,438260,171301,39.09
20,1447,NIBL,EQ,18762,14774,78.74
20,1448,NIDAN,SM,8000,7000,87.50
20,1449,NIF100BEES,EQ,8196,6302,76.89
20,1450,NIFTYBEES,EQ,3856380,3063530,79.44
20,1451,NIFTYQLITY,EQ,43874,26851,61.20
20,1452,NIITLTD,EQ,3379967,761303,22.52
20,1453,NILAINFRA,EQ,144134,90273,62.63
20,1454,NILASPACES,EQ,360481,191478,53.12
20,1455,NILKAMAL,EQ,23442,2210,9.43
20,1456,NINSYS,EQ,1542,1248,80.93
20,1457,NIPPOBATRY,EQ,4833,3199,66.19
20,1458,NIRAJ,EQ,4663,2588,55.50
20,1459,NIRMAN,SM,16800,14400,85.71
20,1460,NITCO,EQ,16213,10214,63.00
20,1461,NITINSPIN,EQ,220310,127718,57.97
20,1462,NITIRAJ,EQ,5436,3575,65.77
20,1463,NKIND,EQ,1330,765,57.52
20,1464,NLCINDIA,EQ,1919175,997403,51.97
20,1465,NMDC,EQ,10337943,6257950,60.53
20,1466,NOCIL,EQ,144891,80930,55.86
20,1467,NOIDATOLL,EQ,39530,29069,73.54
20,1468,NORBTEAEXP,EQ,145,145,100.00
20,1469,NOVARTIND,EQ,21526,16439,76.37
20,1470,NPBET,EQ,1070,967,90.37
20,1471,NPST,SM,4000,3600,90.00
20,1472,NRAIL,EQ,8283,6042,72.94
20,1473,NRBBEARING,EQ,133399,79740,59.78
20,1474,NRL,EQ,152660,106285,69.62
20,1475,NSIL,EQ,2104,1256,59.70
20,1476,NSLNISP,EQ,4702905,2861043,60.84
20,1477,NTPC,EQ,9943211,5891945,59.26
20,1478,NTPC,N3,842,842,100.00
20,1479,NTPC,N4,320,320,100.00
20,1480,NTPC,N6,119,119,100.00
20,1481,NTPC,N7,101574,96734,95.24
20,1482,NTPC,ND,151,151,100.00
20,1483,NUCLEUS,EQ,2141807,438614,20.48
20,1484,NURECA,EQ,26818,11485,42.83
20,1485,NUVOCO,EQ,79601,42513,53.41
20,1486,NV20BEES,EQ,10765,6290,58.43
20,1487,NXST,RR,982398,951802,96.89
20,1488,NYKAA,EQ,5231023,2497199,47.74
20,1489,OAL,EQ,6264,4370,69.76
20,1490,OBCL,EQ,105254,53041,50.39
20,1491,OBEROIRLTY,EQ,428091,229539,53.62
20,1492,OCCL,EQ,3428,2261,65.96
20,1493,OFSS,EQ,30589,12352,40.38
20,1494,OIL,EQ,1002603,645078,64.34
20,1495,OILCOUNTUB,EQ,15115,12494,82.66
20,1496,OLECTRA,EQ,624402,191045,30.60
20,1497,OMAXE,EQ,244412,66523,27.22
20,1498,OMFURN,SM,2000,2000,100.00
20,1499,OMINFRAL,EQ,46358,36130,77.94
20,1500,ONELIFECAP,EQ,13566,8248,60.80
20,1501,ONEPOINT,EQ,2667897,1540241,57.73
20,1502,ONGC,EQ,43253971,25122830,58.08
20,1503,ONMOBILE,EQ,978425,357863,36.58
20,1504,ONWARDTEC,EQ,63998,31806,49.70
20,1505,OPTIEMUS,EQ,390287,184326,47.23
20,1506,ORBTEXP,EQ,13731,9246,67.34
20,1507,ORICONENT,EQ,345509,220513,63.82
20,1508,ORIENTABRA,EQ,101608,62150,61.17
20,1509,ORIENTALTL,EQ,64271,42355,65.90
20,1510,ORIENTBELL,EQ,12201,6216,50.95
20,1511,ORIENTCEM,EQ,278555,152642,54.80
20,1512,ORIENTELEC,EQ,261719,179295,68.51
20,1513,ORIENTHOT,EQ,392322,168180,42.87
20,1514,ORIENTLTD,EQ,8399,6612,78.72
20,1515,ORIENTPPR,EQ,780783,389139,49.84
20,1516,ORISSAMINE,EQ,1261,799,63.36
20,1517,ORTINLAB,EQ,7782,4804,61.73
20,1518,OSIAHYPER,EQ,100630,71779,71.33
20,1519,OSWALAGRO,EQ,77257,61773,79.96
20,1520,OSWALGREEN,EQ,163431,117699,72.02
20,1521,OSWALSEEDS,EQ,41173,14086,34.21
20,1522,PAGEIND,EQ,61564,21082,34.24
20,1523,PAISALO,EQ,898179,562751,62.65
20,1524,PALASHSECU,EQ,2113,718,33.98
20,1525,PALREDTEC,EQ,43182,25175,58.30
20,1526,PANACEABIO,EQ,45664,29098,63.72
20,1527,PANACHE,EQ,21662,15954,73.65
20,1528,PANAMAPET,EQ,34040,18273,53.68
20,1529,PANSARI,EQ,73,65,89.04
20,1530,PAR,EQ,16834,10134,60.20
20,1531,PARACABLES,EQ,258884,191295,73.89
20,1532,PARADEEP,EQ,821024,518676,63.17
20,1533,PARAGMILK,EQ,556538,241010,43.31
20,1534,PARAS,EQ,78828,41351,52.46
20,1535,PARSVNATH,EQ,54394,35604,65.46
20,1536,PARTYCRUS,SM,4000,4000,100.00
20,1537,PASUPTAC,EQ,35180,22419,63.73
20,1538,PATINTLOG,EQ,640594,361322,56.40
20,1539,PATTECH,SM,3000,3000,100.00
20,1540,PAYTM,EQ,1354777,588998,43.48
20,1541,PCBL,EQ,868268,583323,67.18
20,1542,PCHFL,N8,40,20,50.00
20,1543,PCJEWELLER,EQ,1591162,1061452,66.71
20,1544,PDMJEPAPER,EQ,72392,40737,56.27
20,1545,PDSL,EQ,36371,24063,66.16
20,1546,PEARLPOLY,EQ,14141,11414,80.72
20,1547,PEL,EQ,726166,272479,37.52
20,1548,PENIND,EQ,501378,239506,47.77
20,1549,PENINLAND,EQ,129619,97106,74.92
20,1550,PERFECT,SM,48000,48000,100.00
20,1551,PERSISTENT,EQ,246803,98162,39.77
20,1552,PETRONET,EQ,622678,255384,41.01
20,1553,PFC,EQ,12923369,4673910,36.17
20,1554,PFC,N5,652,652,100.00
20,1555,PFC,N6,55,55,100.00
20,1556,PFC,N8,166,156,93.98
20,1557,PFIZER,EQ,5290,2696,50.96
20,1558,PFOCUS,EQ,198394,117458,59.20
20,1559,PFS,EQ,1143044,669048,58.53
20,1560,PGEL,EQ,204027,93962,46.05
20,1561,PGHH,EQ,2609,1344,51.51
20,1562,PGHL,EQ,7225,4630,64.08
20,1563,PGIL,EQ,37598,23889,63.54
20,1564,PGINVIT,IV,662266,633255,95.62
20,1565,PHANTOMFX,SM,58200,35400,60.82
20,1566,PHARMABEES,EQ,1532947,911176,59.44
20,1567,PHOENIXLTD,EQ,506404,424024,83.73
20,1568,PIDILITIND,EQ,219835,114976,52.30
20,1569,PIGL,EQ,103371,30176,29.19
20,1570,PIIND,EQ,487629,348341,71.44
20,1571,PILANIINVS,EQ,2336,1489,63.74
20,1572,PILITA,EQ,169258,143305,84.67
20,1573,PIONEEREMB,EQ,20509,10469,51.05
20,1574,PITTIENG,EQ,120079,56349,46.93
20,1575,PIXTRANS,EQ,48893,25393,51.94
20,1576,PLASTIBLEN,EQ,16722,13256,79.27
20,1577,PNB,EQ,33668195,11815204,35.09
20,1578,PNBGILTS,EQ,271868,196910,72.43
20,1579,PNBHOUSING,EQ,697854,311553,44.64
20,1580,PNC,EQ,141535,58194,41.12
20,1581,PNCINFRA,EQ,457230,233834,51.14
20,1582,POCL,EQ,21368,14929,69.87
20,1583,PODDARHOUS,EQ,10631,7639,71.86
20,1584,PODDARMENT,EQ,52670,34437,65.38
20,1585,POKARNA,EQ,24436,13748,56.26
20,1586,POLICYBZR,EQ,1607853,1027537,63.91
20,1587,POLYCAB,EQ,84643,33983,40.15
20,1588,POLYMED,EQ,185896,165697,89.13
20,1589,POLYPLEX,EQ,161546,70674,43.75
20,1590,PONNIERODE,EQ,83854,34890,41.61
20,1591,POONAWALLA,EQ,1646464,712889,43.30
20,1592,POWERGRID,EQ,10228723,6785557,66.34
20,1593,POWERINDIA,EQ,32495,8211,25.27
20,1594,POWERMECH,EQ,59613,25401,42.61
20,1595,PPAP,EQ,17143,12531,73.10
20,1596,PPL,EQ,42893,22844,53.26
20,1597,PPLPHARMA,EQ,11873114,6182252,52.07
20,1598,PRAENG,EQ,42470,29610,69.72
20,1599,PRAJIND,EQ,2029835,735951,36.26
20,1600,PRAKASH,EQ,708416,506013,71.43
20,1601,PRAKASHSTL,EQ,747527,474429,63.47
20,1602,PRAXIS,EQ,494741,371915,75.17
20,1603,PRECAM,EQ,769082,336269,43.72
20,1604,PRECISION,SM,14000,6000,42.86
20,1605,PRECOT,EQ,2826,1973,69.82
20,1606,PRECWIRE,EQ,2078193,847574,40.78
20,1607,PREMEXPLN,EQ,8036,6508,80.99
20,1608,PREMIERPOL,EQ,9348,6937,74.21
20,1609,PRESSMN,EQ,119524,88437,73.99
20,1610,PRESTIGE,EQ,421969,245209,58.11
20,1611,PRICOLLTD,EQ,199241,89352,44.85
20,1612,PRIMESECU,EQ,90127,82171,91.17
20,1613,PRINCEPIPE,EQ,3253882,456685,14.04
20,1614,PRITI,EQ,42129,26367,62.59
20,1615,PRITIKA,SM,16000,16000,100.00
20,1616,PRITIKAUTO,EQ,133910,77638,57.98
20,1617,PRIVISCL,EQ,37307,24729,66.29
20,1618,PROLIFE,SM,2500,2000,80.00
20,1619,PROPEQUITY,SM,21600,18000,83.33
20,1620,PROZONINTU,EQ,348444,235356,67.54
20,1621,PRSMJOHNSN,EQ,196140,95158,48.52
20,1622,PRUDENT,EQ,16882,8358,49.51
20,1623,PSB,EQ,2600131,1030725,39.64
20,1624,PSPPROJECT,EQ,57102,29304,51.32
20,1625,PSUBANKICI,EQ,49075,27259,55.55
20,1626,PSUBNKBEES,EQ,1887779,1377350,72.96
20,1627,PTC,EQ,6084199,3182359,52.31
20,1628,PTL,EQ,60416,40461,66.97
20,1629,PULZ,SM,16000,16000,100.00
20,1630,PUNJABCHEM,EQ,14475,9807,67.75
20,1631,PURVA,EQ,313128,144712,46.21
20,1632,PVP,EQ,222532,159624,71.73
20,1633,PVRINOX,EQ,235434,98560,41.86
20,1634,QFIL,SM,22000,14000,63.64
20,1635,QGOLDHALF,EQ,12565,8249,65.65
20,1636,QMSMEDI,SM,17000,11000,64.71
20,1637,QNIFTY,EQ,2565,2458,95.83
20,1638,QUADPRO,SM,240000,156000,65.00
20,1639,QUESS,EQ,1714576,403037,23.51
20,1640,QUICKHEAL,EQ,64274,31200,48.54
20,1641,QUICKTOUCH,SM,322000,186000,57.76
20,1642,RACE,EQ,12561,8887,70.75
20,1643,RADHIKAJWE,EQ,773618,300984,38.91
20,1644,RADIANTCMS,EQ,166243,101582,61.10
20,1645,RADICO,EQ,108246,52750,48.73
20,1646,RADIOCITY,EQ,209017,170409,81.53
20,1647,RADIOCITY,P1,13255,13255,100.00
20,1648,RAILTEL,EQ,1417401,461297,32.55
20,1649,RAIN,EQ,1603155,667505,41.64
20,1650,RAINBOW,EQ,530253,375912,70.89
20,1651,RAJESHEXPO,EQ,800360,132314,16.53
20,1652,RAJMET,EQ,265054,197867,74.65
20,1653,RAJRATAN,EQ,30088,15650,52.01
20,1654,RAJSREESUG,EQ,162585,79948,49.17
20,1655,RAJTV,EQ,3301,1454,44.05
20,1656,RALLIS,EQ,343165,203730,59.37
20,1657,RAMANEWS,EQ,59427,26202,44.09
20,1658,RAMAPHO,EQ,27430,16158,58.91
20,1659,RAMASTEEL,EQ,6997236,2818444,40.28
20,1660,RAMCOCEM,EQ,228720,102555,44.84
20,1661,RAMCOIND,EQ,139955,76223,54.46
20,1662,RAMCOSYS,EQ,73885,39283,53.17
20,1663,RAMKY,EQ,91247,58447,64.05
20,1664,RAMRAT,EQ,173308,103804,59.90
20,1665,RANASUG,EQ,1423799,542064,38.07
20,1666,RANEHOLDIN,EQ,5817,3585,61.63
20,1667,RATEGAIN,EQ,260045,148025,56.92
20,1668,RATNAMANI,EQ,18852,9413,49.93
20,1669,RAYMOND,EQ,77338,39771,51.42
20,1670,RBA,EQ,1849676,384539,20.79
20,1671,RBL,EQ,12205,4297,35.21
20,1672,RBLBANK,EQ,10463140,3254880,31.11
20,1673,RBMINFRA,SM,30000,24000,80.00
20,1674,RCF,EQ,2061926,835113,40.50
20,1675,RECLTD,EQ,11395309,5627916,49.39
20,1676,RECLTD,N8,762,762,100.00
20,1677,RECLTD,N9,1473,1473,100.00
20,1678,RECLTD,NF,300,300,100.00
20,1679,RECLTD,NH,10,10,100.00
20,1680,RECLTD,NI,100,100,100.00
20,1681,REDINGTON,EQ,903412,474268,52.50
20,1682,REFEX,EQ,717590,293871,40.95
20,1683,RELAXO,EQ,56593,27964,49.41
20,1684,RELCHEMQ,EQ,2937,1690,57.54
20,1685,RELIANCE,EQ,4619754,2505419,54.23
20,1686,RELIGARE,EQ,460176,273438,59.42
20,1687,RELINFRA,EQ,1314674,602873,45.86
20,1688,REMSONSIND,EQ,2735,1792,65.52
20,1689,REMUS,ST,155200,155200,100.00
20,1690,RENUKA,EQ,9944981,2749537,27.65
20,1691,REPCOHOME,EQ,1203640,352530,29.29
20,1692,REPL,EQ,13590,8982,66.09
20,1693,REPRO,EQ,17961,11390,63.42
20,1694,RESPONIND,EQ,155807,13481,8.65
20,1695,REVATHI,EQ,9644,5568,57.74
20,1696,REXPIPES,SM,12000,8000,66.67
20,1697,RGL,EQ,104006,28358,27.27
20,1698,RHFL,EQ,2824914,2223637,78.72
20,1699,RHIM,EQ,100644,48405,48.10
20,1700,RHL,EQ,10070,7784,77.30
20,1701,RICOAUTO,EQ,709920,403402,56.82
20,1702,RIIL,EQ,362719,76779,21.17
20,1703,RITCO,EQ,5167,4174,80.78
20,1704,RITES,EQ,299301,111461,37.24
20,1705,RITEZONE,SM,9600,9600,100.00
20,1706,RKEC,EQ,119548,92725,77.56
20,1707,RKFORGE,EQ,745310,266697,35.78
20,1708,RML,EQ,70891,28258,39.86
20,1709,ROHLTD,EQ,204018,59577,29.20
20,1710,ROLEXRINGS,EQ,43205,26690,61.78
20,1711,ROLLT,EQ,171467,55295,32.25
20,1712,ROML,EQ,4276,3094,72.36
20,1713,ROSSARI,EQ,113548,66656,58.70
20,1714,ROSSELLIND,EQ,121285,58038,47.85
20,1715,ROTO,EQ,30264,14844,49.05
20,1716,ROUTE,EQ,285075,146930,51.54
20,1717,RPGLIFE,EQ,8894,5295,59.53
20,1718,RPOWER,EQ,193534442,21993735,11.36
20,1719,RPPINFRA,EQ,130260,81908,62.88
20,1720,RPPL,EQ,9359,7812,83.47
20,1721,RPSGVENT,EQ,36800,18022,48.97
20,1722,RSWM,EQ,609096,283019,46.47
20,1723,RSYSTEMS,EQ,216108,107548,49.77
20,1724,RTNINDIA,EQ,831471,508978,61.21
20,1725,RTNPOWER,EQ,3188069,2112758,66.27
20,1726,RUBYMILLS,EQ,20881,15736,75.36
20,1727,RUCHIRA,EQ,461499,151565,32.84
20,1728,RUPA,EQ,192559,85252,44.27
20,1729,RUSHIL,EQ,125185,81945,65.46
20,1730,RUSTOMJEE,EQ,57978,33310,57.45
20,1731,RVHL,EQ,7999,3615,45.19
20,1732,RVNL,EQ,21255724,9155181,43.07
20,1733,SADBHAV,EQ,140647,86966,61.83
20,1734,SADBHIN,EQ,245578,103157,42.01
20,1735,SADHNANIQ,EQ,68064,41200,60.53
20,1736,SAFARI,EQ,12427,7609,61.23
20,1737,SAGARDEEP,EQ,5283,4564,86.39
20,1738,SAGCEM,EQ,43770,30077,68.72
20,1739,SAH,EQ,152995,76420,49.95
20,1740,SAHYADRI,EQ,9515,5400,56.75
20,1741,SAIL,EQ,20634118,8389466,40.66
20,1742,SAKAR,EQ,68125,41431,60.82
20,1743,SAKHTISUG,EQ,3784670,1762617,46.57
20,1744,SAKSOFT,EQ,484348,240738,49.70
20,1745,SAKUMA,EQ,233917,143106,61.18
20,1746,SALASAR,EQ,2363025,1318067,55.78
20,1747,SALONA,EQ,3858,1498,38.83
20,1748,SALSTEEL,EQ,67841,38200,56.31
20,1749,SALZERELEC,EQ,596061,218415,36.64
20,1750,SAMBHAAV,EQ,31261,23884,76.40
20,1751,SANDESH,EQ,8475,4569,53.91
20,1752,SANDHAR,EQ,323153,251320,77.77
20,1753,SANGAMIND,EQ,4834,3598,74.43
20,1754,SANGHIIND,EQ,223639,158948,71.07
20,1755,SANGHVIMOV,EQ,169285,75548,44.63
20,1756,SANGINITA,EQ,35539,25767,72.50
20,1757,SANOFI,EQ,36459,20040,54.97
20,1758,SANSERA,EQ,56514,30441,53.86
20,1759,SAPPHIRE,EQ,36397,22242,61.11
20,1760,SARDAEN,EQ,70756,29043,41.05
20,1761,SAREGAMA,EQ,155622,81061,52.09
20,1762,SARLAPOLY,EQ,45899,27558,60.04
20,1763,SARVESHWAR,EQ,53154,35446,66.69
20,1764,SASKEN,EQ,3227,2045,63.37
20,1765,SASTASUNDR,EQ,23382,12084,51.68
20,1766,SATIA,EQ,117735,71700,60.90
20,1767,SATIN,EQ,292504,137580,47.04
20,1768,SATINDLTD,EQ,202271,119924,59.29
20,1769,SBC,EQ,1067007,615377,57.67
20,1770,SBCL,EQ,321586,151026,46.96
20,1771,SBGLP,EQ,9843,962,9.77
20,1772,SBICARD,EQ,714336,330629,46.28
20,1773,SBIETFCON,EQ,4473,3194,71.41
20,1774,SBIETFIT,EQ,10849,6269,57.78
20,1775,SBIETFPB,EQ,3949,3220,81.54
20,1776,SBIETFQLTY,EQ,2505,1857,74.13
20,1777,SBILIFE,EQ,1370649,693294,50.58
20,1778,SBIN,EQ,18432231,8670091,47.04
20,1779,SCAPDVR,EQ,479994,298827,62.26
20,1780,SCHAEFFLER,EQ,42774,33044,77.25
20,1781,SCHAND,EQ,139273,93820,67.36
20,1782,SCHNEIDER,EQ,3807210,952125,25.01
20,1783,SCI,EQ,320933,207840,64.76
20,1784,SCPL,EQ,75530,14993,19.85
20,1785,SDBL,EQ,856693,418080,48.80
20,1786,SDL24BEES,EQ,1487,1468,98.72
20,1787,SDL26BEES,EQ,9096,8985,98.78
20,1788,SEAMECLTD,EQ,7813,4949,63.34
20,1789,SECURCRED,EQ,402295,188582,46.88
20,1790,SECURKLOUD,EQ,38682,27979,72.33
20,1791,SELAN,EQ,29889,21917,73.33
20,1792,SEPC,EQ,4482419,2848114,63.54
20,1793,SEPOWER,EQ,13407,7970,59.45
20,1794,SEQUENT,EQ,692826,342647,49.46
20,1795,SERVOTECH,EQ,139328,111104,79.74
20,1796,SESHAPAPER,EQ,98868,54292,54.91
20,1797,SETCO,EQ,36530,28253,77.34
20,1798,SETF10GILT,EQ,231490,230923,99.76
20,1799,SETFGOLD,EQ,278285,170415,61.24
20,1800,SETFNIF50,EQ,544917,478893,87.88
20,1801,SETFNIFBK,EQ,320594,286123,89.25
20,1802,SETFNN50,EQ,7088,5784,81.60
20,1803,SFL,EQ,23010,11443,49.73
20,1804,SGBAPR28I,GB,262,187,71.37
20,1805,SGBAUG24,GB,479,292,60.96
20,1806,SGBAUG27,GB,69,45,65.22
20,1807,SGBAUG28V,GB,1194,1080,90.45
20,1808,SGBAUG29V,GB,88,57,64.77
20,1809,SGBAUG30,GB,487,470,96.51
20,1810,SGBD29VIII,GB,255,194,76.08
20,1811,SGBDC27VII,GB,23,23,100.00
20,1812,SGBDE30III,GB,508,361,71.06
20,1813,SGBDEC26,GB,4,4,100.00
20,1814,SGBFEB24,GB,15,10,66.67
20,1815,SGBFEB27,GB,17,17,100.00
20,1816,SGBFEB28IX,GB,199,123,61.81
20,1817,SGBFEB29XI,GB,43,28,65.12
20,1818,SGBJ28VIII,GB,162,150,92.59
20,1819,SGBJAN26,GB,24,24,100.00
20,1820,SGBJAN27,GB,1,1,100.00
20,1821,SGBJAN29IX,GB,878,374,42.60
20,1822,SGBJAN29X,GB,169,169,100.00
20,1823,SGBJAN30IX,GB,307,199,64.82
20,1824,SGBJU29III,GB,111,82,73.87
20,1825,SGBJUL25,GB,245,212,86.53
20,1826,SGBJUL27,GB,23,23,100.00
20,1827,SGBJUL28IV,GB,127,127,100.00
20,1828,SGBJUL29IV,GB,128,92,71.88
20,1829,SGBJUN27,GB,1,1,100.00
20,1830,SGBJUN28,GB,210,171,81.43
20,1831,SGBJUN29II,GB,221,211,95.48
20,1832,SGBJUN30,GB,246,168,68.29
20,1833,SGBMAR24,GB,6,6,100.00
20,1834,SGBMAR25,GB,25,20,80.00
20,1835,SGBMAR28X,GB,69,44,63.77
20,1836,SGBMAR30X,GB,120,75,62.50
20,1837,SGBMAR31IV,GB,662,492,74.32
20,1838,SGBMAY25,GB,29,29,100.00
20,1839,SGBMAY26,GB,4,4,100.00
20,1840,SGBMAY28,GB,525,489,93.14
20,1841,SGBMAY29I,GB,2731,2533,92.75
20,1842,SGBMR29XII,GB,491,448,91.24
20,1843,SGBN28VIII,GB,61,38,62.30
20,1844,SGBNOV23,GB,43,31,72.09
20,1845,SGBNOV24,GB,117,93,79.49
20,1846,SGBNOV26,GB,6,5,83.33
20,1847,SGBNV29VII,GB,501,410,81.84
20,1848,SGBOC28VII,GB,17,17,100.00
20,1849,SGBOCT25IV,GB,5,4,80.00
20,1850,SGBOCT26,GB,3,3,100.00
20,1851,SGBOCT27,GB,21,20,95.24
20,1852,SGBOCT27VI,GB,1,1,100.00
20,1853,SGBSEP24,GB,63,61,96.83
20,1854,SGBSEP27,GB,48,48,100.00
20,1855,SGBSEP28VI,GB,633,257,40.60
20,1856,SGBSEP29VI,GB,2095,2053,98.00
20,1857,SGIL,EQ,28481,14605,51.28
20,1858,SGL,EQ,9684,6238,64.42
20,1859,SHAHALLOYS,EQ,7464,4099,54.92
20,1860,SHAILY,EQ,3180,1977,62.17
20,1861,SHAKTIPUMP,EQ,54891,24996,45.54
20,1862,SHALBY,EQ,38423,20821,54.19
20,1863,SHALPAINTS,EQ,134725,81229,60.29
20,1864,SHANKARA,EQ,28986,13423,46.31
20,1865,SHANTI,EQ,17154,11649,67.91
20,1866,SHANTIGEAR,EQ,56020,28957,51.69
20,1867,SHARDACROP,EQ,52328,26991,51.58
20,1868,SHARDAMOTR,EQ,24249,13425,55.36
20,1869,SHAREINDIA,EQ,37353,16334,43.73
20,1870,SHAREINDIA,W1,7732,6803,87.98
20,1871,SHARIABEES,EQ,599,352,58.76
20,1872,SHEMAROO,EQ,46437,35978,77.48
20,1873,SHERA,SM,62000,48000,77.42
20,1874,SHIGAN,SM,43500,36000,82.76
20,1875,SHILPAMED,EQ,340003,113201,33.29
20,1876,SHIVALIK,EQ,20506,14327,69.87
20,1877,SHIVAMAUTO,EQ,53151,38734,72.88
20,1878,SHIVATEX,EQ,7151,5359,74.94
20,1879,SHK,EQ,91630,51248,55.93
20,1880,SHOPERSTOP,EQ,184447,139498,75.63
20,1881,SHRADHA,EQ,43322,27370,63.18
20,1882,SHREDIGCEM,EQ,510116,307500,60.28
20,1883,SHREECEM,EQ,32876,6163,18.75
20,1884,SHREEPUSHK,EQ,32846,17659,53.76
20,1885,SHREERAMA,EQ,156878,131466,83.80
20,1886,SHRENIK,EQ,1305562,1247638,95.56
20,1887,SHREYANIND,EQ,82478,46043,55.82
20,1888,SHREYAS,EQ,92225,48729,52.84
20,1889,SHRIPISTON,EQ,6625,5233,78.99
20,1890,SHRIRAMFIN,EQ,1175769,734077,62.43
20,1891,SHRIRAMFIN,YI,1,1,100.00
20,1892,SHRIRAMFIN,YK,221,221,100.00
20,1893,SHRIRAMFIN,YN,44,44,100.00
20,1894,SHRIRAMFIN,YU,50,50,100.00
20,1895,SHRIRAMFIN,YV,323,318,98.45
20,1896,SHRIRAMFIN,Z2,50,50,100.00
20,1897,SHRIRAMFIN,ZE,30,30,100.00
20,1898,SHRIRAMPPS,EQ,1666873,715416,42.92
20,1899,SHUBHLAXMI,SM,21000,18000,85.71
20,1900,SHYAMCENT,EQ,166935,95457,57.18
20,1901,SHYAMMETL,EQ,154594,112043,72.48
20,1902,SHYAMTEL,EQ,1,1,100.00
20,1903,SIDDHIKA,SM,5000,5000,100.00
20,1904,SIEMENS,EQ,497135,318870,64.14
20,1905,SIGACHI,EQ,70119,31058,44.29
20,1906,SIGIND,EQ,21119,14585,69.06
20,1907,SIGMA,SM,1500,1500,100.00
20,1908,SIKKO,EQ,320525,157177,49.04
20,1909,SILGO,EQ,10771,6654,61.78
20,1910,SILINV,EQ,308,177,57.47
20,1911,SILLYMONKS,EQ,9613,6242,64.93
20,1912,SILVER,EQ,49327,32634,66.16
20,1913,SILVERBEES,EQ,870090,625813,71.93
20,1914,SILVERETF,EQ,8135,6557,80.60
20,1915,SILVERTUC,EQ,17867,7727,43.25
20,1916,SIMBHALS,EQ,617506,356553,57.74
20,1917,SIMPLEXINF,EQ,28450,16569,58.24
20,1918,SINTERCOM,EQ,1877,1443,76.88
20,1919,SIRCA,EQ,129981,63923,49.18
20,1920,SIS,EQ,47613,22137,46.49
20,1921,SITINET,EQ,1944199,1834967,94.38
20,1922,SIYSIL,EQ,94604,53365,56.41
20,1923,SJS,EQ,74642,35522,47.59
20,1924,SJVN,EQ,5447404,2299134,42.21
20,1925,SKFINDIA,EQ,8448,4963,58.75
20,1926,SKIPPER,EQ,244510,120342,49.22
20,1927,SKMEGGPROD,EQ,518646,326702,62.99
20,1928,SKP,SM,68000,51000,75.00
20,1929,SKYGOLD,EQ,142132,50899,35.81
20,1930,SMARTLINK,EQ,5849,3328,56.90
20,1931,SMCGLOBAL,EQ,25969,21534,82.92
20,1932,SMLISUZU,EQ,698704,120719,17.28
20,1933,SMLT,EQ,97508,54119,55.50
20,1934,SMSLIFE,EQ,1079,903,83.69
20,1935,SMSPHARMA,EQ,32792,23741,72.40
20,1936,SNOWMAN,EQ,650189,457108,70.30
20,1937,SOBHA,EQ,409745,244554,59.68
20,1938,SOFTTECH,EQ,5665,2081,36.73
20,1939,SOLARA,EQ,44419,23419,52.72
20,1940,SOLARINDS,EQ,17050,10268,60.22
20,1941,SOLEX,SM,7600,6800,89.47
20,1942,SOMANYCERA,EQ,46691,25180,53.93
20,1943,SOMATEX,EQ,695079,294372,42.35
20,1944,SOMICONVEY,EQ,13671,6670,48.79
20,1945,SONACOMS,EQ,3976323,2521267,63.41
20,1946,SONAMCLOCK,EQ,14903,12639,84.81
20,1947,SONATSOFTW,EQ,359379,114368,31.82
20,1948,SOTAC,SM,7200,7200,100.00
20,1949,SOTL,EQ,180216,94325,52.34
20,1950,SOUTHBANK,EQ,24348630,9866754,40.52
20,1951,SOUTHWEST,EQ,4176,2053,49.16
20,1952,SPAL,EQ,78306,30986,39.57
20,1953,SPANDANA,EQ,348407,176096,50.54
20,1954,SPARC,EQ,239096,105965,44.32
20,1955,SPCENET,EQ,1591715,1458839,91.65
20,1956,SPECIALITY,EQ,156017,103441,66.30
20,1957,SPENCERS,EQ,46117,27648,59.95
20,1958,SPIC,EQ,627662,234546,37.37
20,1959,SPLIL,EQ,89445,51970,58.10
20,1960,SPLPETRO,EQ,52881,31302,59.19
20,1961,SPORTKING,EQ,19145,14731,76.94
20,1962,SREEL,EQ,17877,13791,77.14
20,1963,SREIBNPNCD,NU,101,101,100.00
20,1964,SREIBNPNCD,NW,229,229,100.00
20,1965,SRF,EQ,175879,80268,45.64
20,1966,SRHHYPOLTD,EQ,15544,9875,63.53
20,1967,SRIRAM,ST,6000,6000,100.00
20,1968,SRIVASAVI,SM,93000,78000,83.87
20,1969,SRPL,EQ,390822,369971,94.66
20,1970,SSWL,EQ,162476,101102,62.23
20,1971,STAR,EQ,526004,304433,57.88
20,1972,STARCEMENT,EQ,525396,165681,31.53
20,1973,STARHEALTH,EQ,1037119,595618,57.43
20,1974,STARPAPER,EQ,46950,25068,53.39
20,1975,STARTECK,EQ,43809,2348,5.36
20,1976,STCINDIA,EQ,41558,25372,61.05
20,1977,STEELCAS,EQ,30902,16201,52.43
20,1978,STEELCITY,EQ,15418,10291,66.75
20,1979,STEELXIND,EQ,2467110,1739801,70.52
20,1980,STEL,EQ,4507,2799,62.10
20,1981,STERTOOLS,EQ,66661,37807,56.72
20,1982,STLTECH,EQ,315692,173330,54.90
20,1983,STOVEKRAFT,EQ,461143,228864,49.63
20,1984,STYLAMIND,EQ,23575,10718,45.46
20,1985,STYRENIX,EQ,67213,42635,63.43
20,1986,SUBEXLTD,EQ,2053047,1149437,55.99
20,1987,SUBROS,EQ,25289,13863,54.82
20,1988,SUDARSCHEM,EQ,303635,99338,32.72
20,1989,SUKHJITS,EQ,23183,14609,63.02
20,1990,SULA,EQ,239894,113525,47.32
20,1991,SUMICHEM,EQ,870634,333597,38.32
20,1992,SUMIT,EQ,61057,43820,71.77
20,1993,SUMMITSEC,EQ,10283,6451,62.73
20,1994,SUNCLAYLTD,EQ,3496,2075,59.35
20,1995,SUNDARAM,EQ,471920,267010,56.58
20,1996,SUNDARMFIN,EQ,108343,86389,79.74
20,1997,SUNDARMHLD,EQ,199422,125738,63.05
20,1998,SUNDRMBRAK,EQ,4783,3517,73.53
20,1999,SUNDRMFAST,EQ,67875,41165,60.65
20,2000,SUNFLAG,EQ,512129,282492,55.16
20,2001,SUNPHARMA,EQ,5344765,2742235,51.31
20,2002,SUNTECK,EQ,310023,171299,55.25
20,2003,SUNTV,EQ,349888,119461,34.14
20,2004,SUPERHOUSE,EQ,11682,7709,65.99
20,2005,SUPERSPIN,EQ,49419,33805,68.40
20,2006,SUPRAJIT,EQ,594094,202559,34.10
20,2007,SUPREMEIND,EQ,46163,31624,68.51
20,2008,SUPREMEINF,EQ,34811,19734,56.69
20,2009,SUPRIYA,EQ,259664,107568,41.43
20,2010,SURANASOL,EQ,46652,31568,67.67
20,2011,SURANAT&P,EQ,96815,52572,54.30
20,2012,SURANI,SM,2000,2000,100.00
20,2013,SURYALAXMI,EQ,17233,13626,79.07
20,2014,SURYAROSNI,EQ,149482,75582,50.56
20,2015,SURYODAY,EQ,774533,309132,39.91
20,2016,SUTLEJTEX,EQ,52686,41575,78.91
20,2017,SUULD,EQ,254474,188099,73.92
20,2018,SUVEN,EQ,71835,35950,50.05
20,2019,SUVENPHAR,EQ,119949,74260,61.91
20,2020,SUVIDHAA,EQ,64927,52257,80.49
20,2021,SUZLON,EQ,179747106,69703083,38.78
20,2022,SVLL,EQ,901,762,84.57
20,2023,SWANENERGY,EQ,52955,20756,39.20
20,2024,SWARAJ,SM,68000,68000,100.00
20,2025,SWARAJENG,EQ,10419,5925,56.87
20,2026,SWASTIK,SM,24000,18000,75.00
20,2027,SWELECTES,EQ,24924,15063,60.44
20,2028,SWSOLAR,EQ,158370,90842,57.36
20,2029,SYMPHONY,EQ,59265,35350,59.65
20,2030,SYNCOMF,EQ,1462282,848466,58.02
20,2031,SYNGENE,EQ,336097,149547,44.50
20,2032,SYRMA,EQ,643146,268411,41.73
20,2033,SYSTANGO,SM,41600,41600,100.00
20,2034,TAINWALCHM,EQ,5798,4484,77.34
20,2035,TAJGVK,EQ,789098,101543,12.87
20,2036,TAKE,EQ,146437,104676,71.48
20,2037,TALBROAUTO,EQ,99818,58041,58.15
20,2038,TANLA,EQ,209125,76535,36.60
20,2039,TAPIFRUIT,SM,9000,9000,100.00
20,2040,TARACHAND,SM,8000,8000,100.00
20,2041,TARC,EQ,789937,468809,59.35
20,2042,TARMAT,EQ,79036,34432,43.56
20,2043,TARSONS,EQ,116718,57590,49.34
20,2044,TASTYBITE,EQ,3091,1168,37.79
20,2045,TATACAPHSG,N4,72,65,90.28
20,2046,TATACAPHSG,N6,308,300,97.40
20,2047,TATACAPHSG,NA,12,12,100.00
20,2048,TATACHEM,EQ,456813,177234,38.80
20,2049,TATACOFFEE,EQ,421495,235944,55.98
20,2050,TATACOMM,EQ,195053,101894,52.24
20,2051,TATACONSUM,EQ,1171159,519766,44.38
20,2052,TATAELXSI,EQ,200412,65226,32.55
20,2053,TATAINVEST,EQ,29790,14270,47.90
20,2054,TATAMETALI,EQ,48928,25781,52.69
20,2055,TATAMOTORS,EQ,6596504,2887955,43.78
20,2056,TATAMTRDVR,EQ,1831893,924994,50.49
20,2057,TATAPOWER,EQ,12956419,6492472,50.11
20,2058,TATASTEEL,EQ,41062311,20508284,49.94
20,2059,TATASTLLP,EQ,32824,15935,48.55
20,2060,TATVA,EQ,11751,8016,68.22
20,2061,TBZ,EQ,123581,75049,60.73
20,2062,TCFSL,ND,485,430,88.66
20,2063,TCFSL,NF,1000,1000,100.00
20,2064,TCFSL,NJ,1975,1798,91.04
20,2065,TCFSL,NL,50,50,100.00
20,2066,TCI,EQ,58012,29869,51.49
20,2067,TCIEXP,EQ,13074,7018,53.68
20,2068,TCNSBRANDS,EQ,154006,113478,73.68
20,2069,TCPLPACK,EQ,52335,31449,60.09
20,2070,TCS,EQ,1210372,710296,58.68
20,2071,TDPOWERSYS,EQ,331145,132819,40.11
20,2072,TEAMLEASE,EQ,15535,8929,57.48
20,2073,TECH,EQ,9991,6672,66.78
20,2074,TECHIN,EQ,4330,3370,77.83
20,2075,TECHM,EQ,1432241,771945,53.90
20,2076,TECHNOE,EQ,200987,98687,49.10
20,2077,TEGA,EQ,83850,39329,46.90
20,2078,TEJASNET,EQ,335363,110339,32.90
20,2079,TEMBO,EQ,592362,214062,36.14
20,2080,TERASOFT,EQ,266527,203420,76.32
20,2081,TEXINFRA,EQ,33033,16341,49.47
20,2082,TEXMOPIPES,EQ,285873,162001,56.67
20,2083,TEXRAIL,EQ,1698254,699952,41.22
20,2084,TFCILTD,EQ,75623,38622,51.07
20,2085,TFL,EQ,5724,2559,44.71
20,2086,THANGAMAYL,EQ,15368,8542,55.58
20,2087,THEJO,SM,1650,1350,81.82
20,2088,THEMISMED,EQ,2004,1077,53.74
20,2089,THERMAX,EQ,22065,11924,54.04
20,2090,THOMASCOOK,EQ,174742,91921,52.60
20,2091,THYROCARE,EQ,77169,31426,40.72
20,2092,TI,EQ,983313,400678,40.75
20,2093,TIDEWATER,EQ,34456,21048,61.09
20,2094,TIIL,EQ,25805,11958,46.34
20,2095,TIINDIA,EQ,217784,110114,50.56
20,2096,TIJARIA,EQ,10944,10688,97.66
20,2097,TIMESCAN,SM,16000,16000,100.00
20,2098,TIMESGTY,EQ,1280,804,62.81
20,2099,TIMETECHNO,EQ,4839196,1997474,41.28
20,2100,TIMKEN,EQ,192487,179483,93.24
20,2101,TINPLATE,EQ,124091,74308,59.88
20,2102,TIPSFILMS,EQ,11360,7126,62.73
20,2103,TIPSINDLTD,EQ,52637,36677,69.68
20,2104,TIRUMALCHM,EQ,205185,114890,55.99
20,2105,TIRUPATIFL,EQ,309651,222127,71.73
20,2106,TITAN,EQ,1107678,556153,50.21
20,2107,TMB,EQ,52521,40191,76.52
20,2108,TNIDETF,EQ,24475,15772,64.44
20,2109,TNPETRO,EQ,86729,53703,61.92
20,2110,TNPL,EQ,374573,230268,61.47
20,2111,TOKYOPLAST,EQ,8419,3770,44.78
20,2112,TORNTPHARM,EQ,160320,96708,60.32
20,2113,TORNTPOWER,EQ,141289,56547,40.02
20,2114,TOTAL,EQ,66064,29400,44.50
20,2115,TOUCHWOOD,EQ,1755,1217,69.34
20,2116,TPLPLASTEH,EQ,382525,228842,59.82
20,2117,TRACXN,EQ,310404,158712,51.13
20,2118,TREEHOUSE,EQ,12114,8828,72.87
20,2119,TREJHARA,EQ,364484,191198,52.46
20,2120,TRENT,EQ,347260,206418,59.44
20,2121,TRF,EQ,32246,20353,63.12
20,2122,TRIDENT,EQ,6191235,2487205,40.17
20,2123,TRIGYN,EQ,518625,270024,52.07
20,2124,TRIL,EQ,1824791,890728,48.81
20,2125,TRITURBINE,EQ,617795,318991,51.63
20,2126,TRIVENI,EQ,597781,332592,55.64
20,2127,TTKHLTCARE,EQ,12899,7482,58.00
20,2128,TTKPRESTIG,EQ,95280,60457,63.45
20,2129,TTL,EQ,12339,8609,69.77
20,2130,TTML,EQ,1153321,720490,62.47
20,2131,TV18BRDCST,EQ,14505157,5133077,35.39
20,2132,TVSELECT,EQ,80268,29797,37.12
20,2133,TVSMOTOR,EQ,875198,465055,53.14
20,2134,TVSSRICHAK,EQ,4078,2153,52.80
20,2135,TVTODAY,EQ,89175,50569,56.71
20,2136,TVVISION,EQ,2,2,100.00
20,2137,TWL,EQ,775494,348038,44.88
20,2138,UBL,EQ,253187,185018,73.08
20,2139,UCALFUEL,EQ,92526,39196,42.36
20,2140,UCOBANK,EQ,4295122,1536791,35.78
20,2141,UDAICEMENT,EQ,98344,80814,82.17
20,2142,UFLEX,EQ,134593,55533,41.26
20,2143,UFO,EQ,31398,22306,71.04
20,2144,UGARSUGAR,EQ,558013,234017,41.94
20,2145,UGROCAP,EQ,2113221,869088,41.13
20,2146,UGROCAP,N1,300,300,100.00
20,2147,UGROCAP,N4,3178,3087,97.14
20,2148,UGROCAP,N5,42,42,100.00
20,2149,UJJIVAN,EQ,433431,244989,56.52
20,2150,UJJIVANSFB,EQ,11410668,5299765,46.45
20,2151,ULTRACEMCO,EQ,210769,112995,53.61
20,2152,UMA,SM,32000,32000,100.00
20,2153,UMAEXPORTS,EQ,66093,41803,63.25
20,2154,UMANGDAIRY,EQ,5025,3281,65.29
20,2155,UMESLTD,EQ,18140,18109,99.83
20,2156,UNICHEMLAB,EQ,115625,82243,71.13
20,2157,UNIDT,EQ,21229,9928,46.77
20,2158,UNIENTER,EQ,18764,10357,55.20
20,2159,UNIINFO,EQ,173444,118533,68.34
20,2160,UNIONBANK,EQ,5386723,2596455,48.20
20,2161,UNIPARTS,EQ,155803,107638,69.09
20,2162,UNITEDPOLY,EQ,9167,5987,65.31
20,2163,UNITEDTEA,EQ,3170,2737,86.34
20,2164,UNIVASTU,EQ,189671,136236,71.83
20,2165,UNIVCABLES,EQ,33930,20904,61.61
20,2166,UNIVPHOTO,EQ,1826,754,41.29
20,2167,UNOMINDA,EQ,184740,122278,66.19
20,2168,UPL,EQ,1116759,657141,58.84
20,2169,URAVI,SM,3600,3600,100.00
20,2170,URJA,EQ,1190844,543740,45.66
20,2171,USASEEDS,SM,6900,5700,82.61
20,2172,USHAMART,EQ,970871,638649,65.78
20,2173,USK,EQ,208195,115367,55.41
20,2174,UTIAMC,EQ,90106,49549,54.99
20,2175,UTIBANKETF,EQ,4959985,4609392,92.93
20,2176,UTINEXT50,EQ,32246,29239,90.67
20,2177,UTINIFTETF,EQ,933,588,63.02
20,2178,UTISENSETF,EQ,818,533,65.16
20,2179,UTISXN50,EQ,1444,495,34.28
20,2180,UTTAMSUGAR,EQ,97436,46530,47.75
20,2181,UWCSL,SM,2000,2000,100.00
20,2182,V2RETAIL,EQ,15578,10978,70.47
20,2183,VADILALIND,EQ,71026,41023,57.76
20,2184,VAIBHAVGBL,EQ,96103,48481,50.45
20,2185,VAISHALI,EQ,45359,23256,51.27
20,2186,VAKRANGEE,EQ,4210464,1671794,39.71
20,2187,VALIANTORG,EQ,694543,167257,24.08
20,2188,VARDHACRLC,EQ,32030,23352,72.91
20,2189,VARDMNPOLY,EQ,238489,166739,69.91
20,2190,VARROC,EQ,138106,60616,43.89
20,2191,VASA,SM,4000,4000,100.00
20,2192,VASCONEQ,EQ,1237242,705105,56.99
20,2193,VASWANI,EQ,18865,13143,69.67
20,2194,VBL,EQ,1017630,516952,50.80
20,2195,VCL,EQ,265984,122041,45.88
20,2196,VEDL,EQ,13277968,7039840,53.02
20,2197,VEEKAYEM,SM,20000,16000,80.00
20,2198,VELS,SM,2400,2400,100.00
20,2199,VENKEYS,EQ,31320,18932,60.45
20,2200,VENUSPIPES,EQ,78272,44423,56.75
20,2201,VENUSREM,EQ,15191,10971,72.22
20,2202,VERANDA,EQ,24584,16414,66.77
20,2203,VERTOZ,EQ,307745,105948,34.43
20,2204,VESUVIUS,EQ,8504,3806,44.76
20,2205,VETO,EQ,91324,66477,72.79
20,2206,VGUARD,EQ,66019,31037,47.01
20,2207,VHL,EQ,265,148,55.85
20,2208,VIAZ,SM,10000,8000,80.00
20,2209,VIDHIING,EQ,15534,9962,64.13
20,2210,VIJAYA,EQ,132573,56429,42.56
20,2211,VIJIFIN,EQ,348359,325444,93.42
20,2212,VIKASECO,EQ,4234915,2490094,58.80
20,2213,VIKASLIFE,EQ,11866589,5433022,45.78
20,2214,VIMTALABS,EQ,16686,9012,54.01
20,2215,VINATIORGA,EQ,222984,170240,76.35
20,2216,VINDHYATEL,EQ,25489,13039,51.16
20,2217,VINEETLAB,EQ,13891,8375,60.29
20,2218,VINNY,EQ,565670,321312,56.80
20,2219,VINYLINDIA,EQ,62939,27177,43.18
20,2220,VIPCLOTHNG,EQ,1185599,778138,65.63
20,2221,VIPIND,EQ,134561,97848,72.72
20,2222,VIPULLTD,EQ,8240,4525,54.92
20,2223,VIRINCHI,EQ,88668,45885,51.75
20,2224,VISAKAIND,EQ,67659,40559,59.95
20,2225,VISESHINFO,EQ,5097366,2857743,56.06
20,2226,VISHAL,EQ,66385,32097,48.35
20,2227,VISHNU,EQ,263129,166424,63.25
20,2228,VISHWARAJ,EQ,6026249,1935418,32.12
20,2229,VITAL,SM,20400,18000,88.24
20,2230,VIVIANA,SM,2000,2000,100.00
20,2231,VIVIDHA,EQ,455465,337581,74.12
20,2232,VIVO,SM,12800,11200,87.50
20,2233,VLSFINANCE,EQ,40706,20433,50.20
20,2234,VMARCIND,SM,567000,330000,58.20
20,2235,VMART,EQ,59279,47029,79.34
20,2236,VOLTAMP,EQ,86761,18326,21.12
20,2237,VOLTAS,EQ,982588,476931,48.54
20,2238,VRLLOG,EQ,201897,74388,36.84
20,2239,VSSL,EQ,63924,31741,49.65
20,2240,VSTIND,EQ,7941,4483,56.45
20,2241,VSTTILLERS,EQ,10669,4785,44.85
20,2242,VTL,EQ,176849,107575,60.83
20,2243,WABAG,EQ,1319107,512300,38.84
20,2244,WALCHANNAG,EQ,421152,200693,47.65
20,2245,WALPAR,SM,10000,10000,100.00
20,2246,WATERBASE,EQ,27761,12702,45.75
20,2247,WEALTH,EQ,193,163,84.46
20,2248,WEBELSOLAR,EQ,86178,64282,74.59
20,2249,WEIZMANIND,EQ,4853,3355,69.13
20,2250,WEL,EQ,891,535,60.04
20,2251,WELCORP,EQ,759660,362386,47.70
20,2252,WELENT,EQ,482729,275362,57.04
20,2253,WELINV,EQ,464,208,44.83
20,2254,WELSPUNIND,EQ,1532011,723654,47.24
20,2255,WENDT,EQ,220,128,58.18
20,2256,WESTLIFE,EQ,130888,69381,53.01
20,2257,WEWIN,EQ,12628,8473,67.10
20,2258,WHEELS,EQ,3990,2633,65.99
20,2259,WHIRLPOOL,EQ,51366,25452,49.55
20,2260,WILLAMAGOR,EQ,4958,2682,54.09
20,2261,WINDLAS,EQ,12333,6786,55.02
20,2262,WINDMACHIN,EQ,64990,45526,70.05
20,2263,WIPRO,EQ,3979654,1879889,47.24
20,2264,WOCKPHARMA,EQ,291664,150188,51.49
20,2265,WONDERLA,EQ,179915,80161,44.55
20,2266,WORTH,EQ,29614,20063,67.75
20,2267,WSTCSTPAPR,EQ,85383,42010,49.20
20,2268,XCHANGING,EQ,134173,83946,62.57
20,2269,XELPMOC,EQ,19436,14614,75.19
20,2270,XPROINDIA,EQ,45601,21870,47.96
20,2271,YAARI,EQ,208971,138049,66.06
20,2272,YESBANK,EQ,127417730,35931299,28.20
20,2273,YUKEN,EQ,8694,5756,66.21
20,2274,ZEEL,EQ,9569139,2541758,26.56
20,2275,ZEELEARN,EQ,1026860,756058,73.63
20,2276,ZEEMEDIA,EQ,1714289,1030008,60.08
20,2277,ZENITHEXPO,EQ,1123,1040,92.61
20,2278,ZENITHSTL,EQ,84627,61077,72.17
20,2279,ZENSARTECH,EQ,1027801,342162,33.29
20,2280,ZENTEC,EQ,1185034,419813,35.43
20,2281,ZFCVINDIA,EQ,63721,61595,96.66
20,2282,ZIMLAB,EQ,76994,64656,83.98
20,2283,ZODIAC,EQ,43237,26605,61.53
20,2284,ZODIACLOTH,EQ,32361,20566,63.55
20,2285,ZOMATO,EQ,56968141,21394516,37.56
20,2286,ZOTA,EQ,32326,17228,53.29
20,2287,ZUARI,EQ,134327,76236,56.75
20,2288,ZUARIIND,EQ,70630,38209,54.10
20,2289,ZYDUSLIFE,EQ,489946,201406,41.11
20,2290,ZYDUSWELL,EQ,10393,6030,58.02
