Security Wise Delivery Position - Compulsory Rolling Settlement
10,MTO,05062023,1122846937,0002319
Trade Date <05-JUN-2023>,Settlement Type <N>
Record Type,Sr No,Name of Security,Quantity Traded,Deliverable Quantity(gross across client level),% of Deliverable Quantity to Traded Quantity
20,1,182D100823,TB,7300,7300,100.00
20,2,182D161123,TB,1000,1000,100.00
20,3,182D220623,TB,2000,1000,50.00
20,4,182D231123,TB,5000,5000,100.00
20,5,182D261023,TB,1700,1700,100.00
20,6,182D290623,TB,1000,1000,100.00
20,7,182D290923,TB,1300,1300,100.00
20,8,182D310823,TB,1000,1000,100.00
20,9,20MICRONS,EQ,162168,99586,61.41
20,10,21STCENMGM,EQ,7624,5280,69.25
20,11,360ONE,EQ,2471395,2323212,94.00
20,12,364D021123,TB,5000,5000,100.00
20,13,364D090524,TB,1000,1000,100.00
20,14,364D110124,TB,100,100,100.00
20,15,364D130723,TB,31800,31800,100.00
20,16,364D140324,TB,100,100,100.00
20,17,364D161123,TB,500,500,100.00
20,18,364D220324,TB,3100,3100,100.00
20,19,364D240823,TB,100,100,100.00
20,20,364D270723,TB,700,500,71.43
20,21,364D290224,TB,100,100,100.00
20,22,364D290623,TB,59900,59900,100.00
20,23,3IINFOLTD,EQ,321291,197549,61.49
20,24,3MINDIA,EQ,6486,2446,37.71
20,25,3PLAND,EQ,5841,3768,64.51
20,26,456GS2023,GS,200,200,100.00
20,27,5PAISA,EQ,208324,74399,35.71
20,28,601GS2028,GS,1,1,100.00
20,29,618GS2024,GS,100,100,100.00
20,30,622GS2035,GS,500,500,100.00
20,31,63MOONS,EQ,138505,95718,69.11
20,32,654GS2032,GS,31,31,100.00
20,33,667GS2035,GS,46,46,100.00
20,34,667GS2050,GS,53,53,100.00
20,35,669GS2024,GS,2921,2620,89.70
20,36,676GS2061,GS,2714,2714,100.00
20,37,68GS2060,GS,100,100,100.00
20,38,695GS2061,GS,592,592,100.00
20,39,697GS2026,GS,100000,100000,100.00
20,40,699GS2026,GS,21000,10700,50.95
20,41,699GS2051,GS,57,57,100.00
20,42,706GS2028,GS,20000,20000,100.00
20,43,710GS2029,GS,69703,64699,92.82
20,44,716GS2050,GS,874,874,100.00
20,45,726GS2032,GS,26708,26708,100.00
20,46,726GS2033,GS,1560,1560,100.00
20,47,738GS2027,GS,16211,16211,100.00
20,48,741GS2036,GS,51014,51014,100.00
20,49,74GS2062,GS,5298,4365,82.39
20,50,754GS2036,GS,504413,502095,99.54
20,51,795GS2032,GS,1000,1000,100.00
20,52,824GS2033,GS,1918,1918,100.00
20,53,828GS2032,GS,1761,1761,100.00
20,54,82GS2025,GS,2,0,0.00
20,55,883GS2041,GS,2091,2091,100.00
20,56,897GS2030,GS,100,100,100.00
20,57,91D060723,TB,300,300,100.00
20,58,91D150623,TB,13000,12000,92.31
20,59,91D230623,TB,26600,23300,87.59
20,60,91D270723,TB,28500,28500,100.00
20,61,92GS2030,GS,2857,2857,100.00
20,62,A2ZINFRA,EQ,1418529,1086550,76.60
20,63,AAATECH,EQ,9898,6605,66.73
20,64,AAKASH,EQ,258598,202494,78.30
20,65,AAREYDRUGS,EQ,66071,33946,51.38
20,66,AARON,EQ,21922,13783,62.87
20,67,AARTIDRUGS,EQ,392625,142744,36.36
20,68,AARTIIND,EQ,887687,511663,57.64
20,69,AARTIPHARM,EQ,111200,70094,63.03
20,70,AARTIPP,E1,38,38,100.00
20,71,AARTISURF,EQ,10518,6274,59.65
20,72,AARVEEDEN,EQ,10484,6768,64.56
20,73,AARVI,EQ,13707,8690,63.40
20,74,AAVAS,EQ,425208,228786,53.81
20,75,ABAN,EQ,171925,94297,54.85
20,76,ABB,EQ,316713,154716,48.85
20,77,ABBOTINDIA,EQ,3841,1686,43.89
20,78,ABCAPITAL,EQ,4106204,1121026,27.30
20,79,ABFRL,EQ,4322957,1478149,34.19
20,80,ABMINTLLTD,EQ,743,491,66.08
20,81,ABSLAMC,EQ,78541,48942,62.31
20,82,ABSLBANETF,EQ,9020,5410,59.98
20,83,ABSLLIQUID,EQ,298,278,93.29
20,84,ABSLNN50ET,EQ,3292,3206,97.39
20,85,ACC,EQ,539080,275470,51.10
20,86,ACCELYA,EQ,33416,20418,61.10
20,87,ACCURACY,EQ,572794,477814,83.42
20,88,ACE,EQ,598254,268492,44.88
20,89,ACI,EQ,251479,139880,55.62
20,90,ACL,EQ,298848,197045,65.93
20,91,ADANIENT,EQ,2956768,764332,25.85
20,92,ADANIGREEN,EQ,3596959,2028055,56.38
20,93,ADANIPORTS,EQ,5166097,2389383,46.25
20,94,ADANIPOWER,EQ,5985089,2747149,45.90
20,95,ADANITRANS,EQ,6191271,1712994,27.67
20,96,ADFFOODS,EQ,13602,6551,48.16
20,97,ADORWELD,EQ,52770,36155,68.51
20,98,ADROITINFO,EQ,287898,116996,40.64
20,99,ADSL,EQ,206730,105943,51.25
20,100,ADVANIHOTR,EQ,41053,22866,55.70
20,101,ADVENZYMES,EQ,229956,190598,82.88
20,102,AEGISCHEM,EQ,1726373,761183,44.09
20,103,AETHER,EQ,32611,18184,55.76
20,104,AFFLE,EQ,327904,160134,48.84
20,105,AGARIND,EQ,31914,18710,58.63
20,106,AGARWALFT,SM,15000,12000,80.00
20,107,AGI,EQ,168493,66358,39.38
20,108,AGNI,SM,30000,30000,100.00
20,109,AGRITECH,EQ,8819,5063,57.41
20,110,AGROPHOS,EQ,55936,29675,53.05
20,111,AGSTRA,EQ,1222337,653494,53.46
20,112,AGUL,SM,2000,2000,100.00
20,113,AHL,EQ,1051064,69054,6.57
20,114,AHLADA,EQ,29338,17943,61.16
20,115,AHLEAST,EQ,4195,2946,70.23
20,116,AHLUCONT,EQ,96798,61860,63.91
20,117,AIAENG,EQ,180695,93137,51.54
20,118,AIRAN,EQ,177370,117019,65.97
20,119,AIROLAM,EQ,25740,14705,57.13
20,120,AIRTELPP,E1,179274,133108,74.25
20,121,AISL,SM,10800,9600,88.89
20,122,AJANTPHARM,EQ,112119,46511,41.48
20,123,AJMERA,EQ,45448,18293,40.25
20,124,AJOONI,EQ,725305,527753,72.76
20,125,AKASH,EQ,35127,17178,48.90
20,126,AKG,EQ,41240,3382,8.20
20,127,AKSHAR,EQ,74358,67598,90.91
20,128,AKSHARCHEM,EQ,5843,2673,45.75
20,129,AKSHOPTFBR,EQ,223820,182997,81.76
20,130,AKZOINDIA,EQ,17804,10931,61.40
20,131,ALANKIT,EQ,203687,142547,69.98
20,132,ALBERTDAVD,EQ,3642,2671,73.34
20,133,ALEMBICLTD,EQ,132548,76243,57.52
20,134,ALICON,EQ,17911,10651,59.47
20,135,ALKALI,EQ,18311,12541,68.49
20,136,ALKEM,EQ,177877,128957,72.50
20,137,ALKYLAMINE,EQ,18564,8711,46.92
20,138,ALLCARGO,EQ,214372,104456,48.73
20,139,ALLETEC,SM,20800,16000,76.92
20,140,ALLSEC,EQ,6604,4344,65.78
20,141,ALMONDZ,EQ,206536,119960,58.08
20,142,ALOKINDS,EQ,7121425,2303805,32.35
20,143,ALPA,EQ,34663,20952,60.44
20,144,ALPHAGEO,EQ,4654,2936,63.09
20,145,AMARAJABAT,EQ,394153,202457,51.37
20,146,AMBANIORG,SM,4000,4000,100.00
20,147,AMBER,EQ,109162,58109,53.23
20,148,AMBICAAGAR,EQ,80660,55768,69.14
20,149,AMBIKCO,EQ,25649,11055,43.10
20,150,AMBUJACEM,EQ,3391422,1817331,53.59
20,151,AMDIND,EQ,147597,63379,42.94
20,152,AMEYA,SM,8000,8000,100.00
20,153,AMIABLE,SM,1600,1600,100.00
20,154,AMIORG,EQ,54296,25291,46.58
20,155,AMJLAND,EQ,51408,33849,65.84
20,156,AMRUTANJAN,EQ,68332,37757,55.26
20,157,ANANDRATHI,EQ,19660,12538,63.77
20,158,ANANTRAJ,EQ,1474730,1009317,68.44
20,159,ANDHRAPAP,EQ,52533,31249,59.48
20,160,ANDHRSUGAR,EQ,597219,369311,61.84
20,161,ANDREWYU,EQ,825072,498010,60.36
20,162,ANGELONE,EQ,859795,352327,40.98
20,163,ANIKINDS,EQ,102515,49829,48.61
20,164,ANLON,SM,91200,69600,76.32
20,165,ANMOL,EQ,499475,178490,35.74
20,166,ANNAPURNA,SM,18000,16000,88.89
20,167,ANTGRAPHIC,EQ,477693,364586,76.32
20,168,ANUP,EQ,51093,22685,44.40
20,169,ANURAS,EQ,205441,84678,41.22
20,170,APARINDS,EQ,93359,52206,55.92
20,171,APCL,EQ,141427,68574,48.49
20,172,APCOTEXIND,EQ,99472,45885,46.13
20,173,APEX,EQ,857496,290210,33.84
20,174,APLAPOLLO,EQ,819644,533907,65.14
20,175,APLLTD,EQ,33975,21165,62.30
20,176,APOLLO,EQ,825232,568996,68.95
20,177,APOLLOHOSP,EQ,698352,330038,47.26
20,178,APOLLOPIPE,EQ,226199,113720,50.27
20,179,APOLLOTYRE,EQ,842797,276260,32.78
20,180,APOLSINHOT,EQ,6108,4070,66.63
20,181,APTECHT,EQ,825731,367632,44.52
20,182,APTUS,EQ,174814,84992,48.62
20,183,ARCHIDPLY,EQ,55715,33631,60.36
20,184,ARCHIES,EQ,639514,332960,52.06
20,185,ARENTERP,EQ,17889,9400,52.55
20,186,ARHAM,SM,30000,21000,70.00
20,187,ARIES,EQ,95138,46272,48.64
20,188,ARIHANTACA,SM,8000,8000,100.00
20,189,ARIHANTCAP,EQ,51450,31050,60.35
20,190,ARIHANTSUP,EQ,164798,62200,37.74
20,191,ARISTO,SM,3200,3200,100.00
20,192,ARMANFIN,EQ,82238,40512,49.26
20,193,AROGRANITE,EQ,11272,8452,74.98
20,194,ARROWGREEN,EQ,25229,22535,89.32
20,195,ARSHIYA,EQ,941283,684729,72.74
20,196,ARTEMISMED,EQ,124004,89801,72.42
20,197,ARTNIRMAN,EQ,8984,7259,80.80
20,198,ARVEE,EQ,1349,961,71.24
20,199,ARVIND,EQ,1687234,886084,52.52
20,200,ARVINDFASN,EQ,493653,274483,55.60
20,201,ARVSMART,EQ,64993,32313,49.72
20,202,ASAHIINDIA,EQ,106214,67624,63.67
20,203,ASAHISONG,EQ,38523,31062,80.63
20,204,ASAL,EQ,20582,11461,55.68
20,205,ASALCBR,EQ,39856,23353,58.59
20,206,ASHAPURMIN,EQ,397380,223077,56.14
20,207,ASHIANA,EQ,272548,130655,47.94
20,208,ASHIMASYN,EQ,122542,103066,84.11
20,209,ASHOKA,EQ,1902200,926655,48.71
20,210,ASHOKLEY,EQ,9952669,4482185,45.04
20,211,ASIANENE,EQ,379905,313396,82.49
20,212,ASIANHOTNR,EQ,2259,2059,91.15
20,213,ASIANPAINT,EQ,492565,237131,48.14
20,214,ASIANTILES,EQ,830150,449931,54.20
20,215,ASPINWALL,EQ,3818,2573,67.39
20,216,ASTEC,EQ,7931,4174,52.63
20,217,ASTERDM,EQ,494061,304144,61.56
20,218,ASTRAL,EQ,612285,340649,55.64
20,219,ASTRAMICRO,EQ,945863,537341,56.81
20,220,ASTRAZEN,EQ,6708,4257,63.46
20,221,ASTRON,EQ,18464,9543,51.68
20,222,ATALREAL,EQ,152579,40503,26.55
20,223,ATFL,EQ,1947,1258,64.61
20,224,ATGL,EQ,3119786,1079193,34.59
20,225,ATLANTA,EQ,25368,17405,68.61
20,226,ATUL,EQ,15566,5781,37.14
20,227,ATULAUTO,EQ,151444,68821,45.44
20,228,AUBANK,EQ,2901296,1833257,63.19
20,229,AURDIS,SM,2000,2000,100.00
20,230,AUROIMPEX,ST,496000,451200,90.97
20,231,AUROPHARMA,EQ,1148661,467025,40.66
20,232,AURUM,EQ,274598,150490,54.80
20,233,AURUMPP,E1,78801,66387,84.25
20,234,AUSOMENT,EQ,85016,31676,37.26
20,235,AUTOAXLES,EQ,58270,40043,68.72
20,236,AUTOBEES,EQ,84952,55324,65.12
20,237,AUTOIND,EQ,211980,155146,73.19
20,238,AVADHSUGAR,EQ,37418,13668,36.53
20,239,AVALON,EQ,188928,131161,69.42
20,240,AVANTIFEED,EQ,312116,179477,57.50
20,241,AVG,EQ,92260,80971,87.76
20,242,AVONMORE,EQ,38338,28673,74.79
20,243,AVROIND,EQ,76080,55252,72.62
20,244,AVTNPL,EQ,173268,98662,56.94
20,245,AWHCL,EQ,127941,99425,77.71
20,246,AWL,EQ,1707574,812048,47.56
20,247,AXISBANK,EQ,14520005,7724459,53.20
20,248,AXISBNKETF,EQ,1982,1770,89.30
20,249,AXISBPSETF,EQ,28591,24936,87.22
20,250,AXISCADES,EQ,169391,94153,55.58
20,251,AXISCETF,EQ,1677,1660,98.99
20,252,AXISGOLD,EQ,326323,289600,88.75
20,253,AXISHCETF,EQ,9657,7899,81.80
20,254,AXISILVER,EQ,27168,17399,64.04
20,255,AXISNIFTY,EQ,6010,3858,64.19
20,256,AXISTECETF,EQ,3055,1994,65.27
20,257,AXITA,EQ,349667,349167,99.86
20,258,AXSENSEX,EQ,10991,10530,95.81
20,259,AYMSYNTEX,EQ,28572,16311,57.09
20,260,BAGFILMS,EQ,53410,45580,85.34
20,261,BAHETI,SM,21000,19500,92.86
20,262,BAIDFIN,EQ,97079,4122,4.25
20,263,BAJAJ-AUTO,EQ,234925,116177,49.45
20,264,BAJAJCON,EQ,428167,217196,50.73
20,265,BAJAJELEC,EQ,39914,18725,46.91
20,266,BAJAJFINSV,EQ,829929,334193,40.27
20,267,BAJAJHCARE,EQ,43351,29024,66.95
20,268,BAJAJHIND,EQ,11940310,4690778,39.29
20,269,BAJAJHLDNG,EQ,26562,9134,34.39
20,270,BAJFINANCE,EQ,577162,241075,41.77
20,271,BALAJITELE,EQ,132984,88697,66.70
20,272,BALAMINES,EQ,51345,25877,50.40
20,273,BALAXI,EQ,8874,5138,57.90
20,274,BALKRISHNA,EQ,13109,11012,84.00
20,275,BALKRISIND,EQ,195366,98251,50.29
20,276,BALMLAWRIE,EQ,2601467,1471458,56.56
20,277,BALPHARMA,EQ,42210,27995,66.32
20,278,BALRAMCHIN,EQ,551728,183227,33.21
20,279,BANARBEADS,EQ,30217,16590,54.90
20,280,BANARISUG,EQ,1175,829,70.55
20,281,BANCOINDIA,EQ,1761655,689989,39.17
20,282,BANDHANBNK,EQ,3345549,1144915,34.22
20,283,BANG,EQ,15574,7112,45.67
20,284,BANKA,EQ,9646,4796,49.72
20,285,BANKBARODA,EQ,6213398,2130349,34.29
20,286,BANKBEES,EQ,280291,157019,56.02
20,287,BANKINDIA,EQ,3887735,1943144,49.98
20,288,BANSWRAS,EQ,832684,358366,43.04
20,289,BARBEQUE,EQ,115789,44673,38.58
20,290,BASF,EQ,20161,11406,56.57
20,291,BASML,EQ,62311,37748,60.58
20,292,BATAINDIA,EQ,110174,46602,42.30
20,293,BAYERCROP,EQ,18376,9743,53.02
20,294,BBETF0432,EQ,1420,831,58.52
20,295,BBL,EQ,30360,12912,42.53
20,296,BBOX,EQ,39961,24761,61.96
20,297,BBTC,EQ,26998,14459,53.56
20,298,BBTCL,EQ,3838,2820,73.48
20,299,BCG,EQ,103171069,35939878,34.84
20,300,BCLIND,EQ,73067,42644,58.36
20,301,BCONCEPTS,EQ,90796,45604,50.23
20,302,BDL,EQ,1019748,273718,26.84
20,303,BEARDSELL,EQ,1310818,595880,45.46
20,304,BECTORFOOD,EQ,153237,90721,59.20
20,305,BEDMUTHA,EQ,43372,24928,57.47
20,306,BEL,EQ,35214281,15647669,44.44
20,307,BEML,EQ,211743,90600,42.79
20,308,BEPL,EQ,1873664,884766,47.22
20,309,BERGEPAINT,EQ,509474,134902,26.48
20,310,BESTAGRO,EQ,152380,61702,40.49
20,311,BETA,SM,4200,3400,80.95
20,312,BEWLTD,SM,1500,1250,83.33
20,313,BFINVEST,EQ,18549,11076,59.71
20,314,BFUTILITIE,EQ,111826,55921,50.01
20,315,BGRENERGY,EQ,398648,206066,51.69
20,316,BHAGCHEM,EQ,2867,1770,61.74
20,317,BHAGERIA,EQ,13330,10080,75.62
20,318,BHAGYANGR,EQ,10230,7493,73.25
20,319,BHANDARI,EQ,218669,161430,73.82
20,320,BHARATFORG,EQ,1708483,785717,45.99
20,321,BHARATGEAR,EQ,107863,56935,52.78
20,322,BHARATRAS,EQ,807,557,69.02
20,323,BHARATWIRE,EQ,550935,244666,44.41
20,324,BHARTIARTL,EQ,5298053,4052529,76.49
20,325,BHEL,EQ,27799817,8945048,32.18
20,326,BIGBLOC,EQ,124588,56251,45.15
20,327,BIKAJI,EQ,247742,142704,57.60
20,328,BIL,EQ,23225,10636,45.80
20,329,BINANIIND,EQ,22211,12725,57.29
20,330,BIOCON,EQ,2965611,1174460,39.60
20,331,BIOFILCHEM,EQ,15407,10549,68.47
20,332,BIRET,RR,55877,48402,86.62
20,333,BIRLACABLE,EQ,1009589,301973,29.91
20,334,BIRLACORPN,EQ,295064,151111,51.21
20,335,BIRLAMONEY,EQ,51977,30681,59.03
20,336,BLAL,EQ,89727,53027,59.10
20,337,BLBLIMITED,EQ,230627,195353,84.71
20,338,BLISSGVS,EQ,72668,49042,67.49
20,339,BLKASHYAP,EQ,269617,213464,79.17
20,340,BLS,EQ,2854711,986516,34.56
20,341,BLUEDART,EQ,6569,3420,52.06
20,342,BLUESTARCO,EQ,60067,39291,65.41
20,343,BMETRICS,SM,7200,6800,94.44
20,344,BODALCHEM,EQ,282909,133600,47.22
20,345,BOHRAIND,EQ,650,611,94.00
20,346,BOMDYEING,EQ,1446326,835433,57.76
20,347,BOROLTD,EQ,101734,30533,30.01
20,348,BORORENEW,EQ,228524,80722,35.32
20,349,BOSCHLTD,EQ,20032,8536,42.61
20,350,BPCL,EQ,2929068,1317069,44.97
20,351,BPL,EQ,446776,243159,54.43
20,352,BRIGADE,EQ,107321,58883,54.87
20,353,BRIGHT,SM,432000,336000,77.78
20,354,BRITANNIA,EQ,349558,247511,70.81
20,355,BRITANNIA,N3,4802,3730,77.68
20,356,BRNL,EQ,26518,20888,78.77
20,357,BROOKS,EQ,22656,15939,70.35
20,358,BSE,EQ,826948,380354,45.99
20,359,BSL,EQ,13367,10005,74.85
20,360,BSLGOLDETF,EQ,211737,160644,75.87
20,361,BSLNIFTY,EQ,56014,37794,67.47
20,362,BSLSENETFG,EQ,573,416,72.60
20,363,BSOFT,EQ,1932526,789087,40.83
20,364,BTML,EQ,13610,9106,66.91
20,365,BURNPUR,EQ,99235,65001,65.50
20,366,BUTTERFLY,EQ,10021,5612,56.00
20,367,BVCL,EQ,52029,30690,58.99
20,368,BYKE,EQ,50437,31980,63.41
20,369,CADSYS,SM,6000,6000,100.00
20,370,CAMLINFINE,EQ,370668,227876,61.48
20,371,CAMPUS,EQ,606851,311698,51.36
20,372,CAMS,EQ,46912,28476,60.70
20,373,CANBK,EQ,4397874,1677871,38.15
20,374,CANFINHOME,EQ,496947,153822,30.95
20,375,CANTABIL,EQ,20480,7162,34.97
20,376,CAPACITE,EQ,3639991,1134292,31.16
20,377,CAPLIPOINT,EQ,65450,36015,55.03
20,378,CAPTRUST,EQ,6296,4165,66.15
20,379,CARBORUNIV,EQ,161438,128537,79.62
20,380,CAREERP,EQ,119198,55807,46.82
20,381,CARERATING,EQ,272547,167488,61.45
20,382,CARTRADE,EQ,1883248,244515,12.98
20,383,CARYSIL,EQ,59036,35381,59.93
20,384,CASTROLIND,EQ,602261,369400,61.34
20,385,CCHHL,EQ,127505,114419,89.74
20,386,CCL,EQ,144865,67015,46.26
20,387,CDSL,EQ,504295,268529,53.25
20,388,CEATLTD,EQ,131453,56085,42.67
20,389,CELEBRITY,EQ,433760,300058,69.18
20,390,CENTENKA,EQ,35008,24449,69.84
20,391,CENTEXT,EQ,519229,359619,69.26
20,392,CENTRALBK,EQ,3528438,1380753,39.13
20,393,CENTRUM,EQ,69454,45850,66.01
20,394,CENTUM,EQ,48089,25658,53.36
20,395,CENTURYPLY,EQ,58555,34748,59.34
20,396,CENTURYTEX,EQ,57229,24261,42.39
20,397,CERA,EQ,6058,3100,51.17
20,398,CEREBRAINT,EQ,306949,252089,82.13
20,399,CESC,EQ,2765689,1668722,60.34
20,400,CGCL,EQ,188076,32905,17.50
20,401,CGPOWER,EQ,3094541,2618209,84.61
20,402,CHALET,EQ,102663,45048,43.88
20,403,CHAMBLFERT,EQ,955051,455064,47.65
20,404,CHEMBOND,EQ,161381,77483,48.01
20,405,CHEMCON,EQ,59256,36799,62.10
20,406,CHEMFAB,EQ,37616,22342,59.39
20,407,CHEMPLASTS,EQ,127726,53147,41.61
20,408,CHENNPETRO,EQ,811913,259694,31.99
20,409,CHEVIOT,EQ,2729,1879,68.85
20,410,CHOICEIN,EQ,912896,103134,11.30
20,411,CHOLAFIN,EQ,1064602,581227,54.60
20,412,CHOLAFIN,N2,108,108,100.00
20,413,CHOLAFIN,N4,100,100,100.00
20,414,CHOLAHLDNG,EQ,50556,30726,60.78
20,415,CIGNITITEC,EQ,145478,77925,53.56
20,416,CINELINE,EQ,51102,30869,60.41
20,417,CINEVISTA,EQ,55232,46622,84.41
20,418,CIPLA,EQ,1469770,946304,64.38
20,419,CLEAN,EQ,111659,71804,64.31
20,420,CLEDUCATE,EQ,181625,123889,68.21
20,421,CLOUD,SM,532000,320000,60.15
20,422,CLSEL,EQ,266990,133590,50.04
20,423,CMNL,SM,66000,51000,77.27
20,424,CMRSL,SM,800,800,100.00
20,425,CMSINFO,EQ,229508,126935,55.31
20,426,COALINDIA,EQ,19807347,13367008,67.49
20,427,COASTCORP,EQ,35242,19261,54.65
20,428,COASTPP1,E1,4222,2212,52.39
20,429,COCHINSHIP,EQ,11483865,1226835,10.68
20,430,COFFEEDAY,EQ,1426350,649469,45.53
20,431,COFORGE,EQ,146482,47837,32.66
20,432,COLPAL,EQ,277500,180170,64.93
20,433,COMPINFO,EQ,502303,308590,61.44
20,434,COMPUSOFT,EQ,134965,94911,70.32
20,435,CONCOR,EQ,1604415,1135227,70.76
20,436,CONFIPET,EQ,744477,465265,62.50
20,437,CONSOFINVT,EQ,10515,6807,64.74
20,438,CONSUMBEES,EQ,27427,19390,70.70
20,439,CONTI,SM,3333,3333,100.00
20,440,CONTROLPR,EQ,118759,54296,45.72
20,441,COOLCAPS,SM,1000,1000,100.00
20,442,CORALFINAC,EQ,22443,14177,63.17
20,443,CORDSCABLE,EQ,114635,63089,55.03
20,444,COROMANDEL,EQ,276457,111868,40.46
20,445,COSMOFIRST,EQ,49417,29261,59.21
20,446,COUNCODOS,EQ,595667,223656,37.55
20,447,CPSEETF,EQ,1067205,954916,89.48
20,448,CRAFTSMAN,EQ,105301,81465,77.36
20,449,CRAYONS,ST,116000,116000,100.00
20,450,CREATIVE,EQ,129220,101447,78.51
20,451,CREATIVEYE,EQ,1710,1710,100.00
20,452,CREDITACC,EQ,121255,70082,57.80
20,453,CREDITACC,N1,10,10,100.00
20,454,CREDITACC,N3,295,295,100.00
20,455,CREDITACC,N5,27,27,100.00
20,456,CREST,EQ,9537,7719,80.94
20,457,CRISIL,EQ,19903,10819,54.36
20,458,CROMPTON,EQ,3452827,1527277,44.23
20,459,CROWN,EQ,23046,21174,91.88
20,460,CSBBANK,EQ,262920,122680,46.66
20,461,CSLFINANCE,EQ,219929,144942,65.90
20,462,CTE,EQ,64769,33162,51.20
20,463,CUB,EQ,5637309,3200241,56.77
20,464,CUMMINSIND,EQ,754132,398704,52.87
20,465,CUPID,EQ,109756,70349,64.10
20,466,CYBERMEDIA,EQ,91543,40489,44.23
20,467,CYBERTECH,EQ,204113,100442,49.21
20,468,CYIENT,EQ,1750300,391198,22.35
20,469,DAAWAT,EQ,2074116,1065175,51.36
20,470,DABUR,EQ,1570130,1119387,71.29
20,471,DALBHARAT,EQ,149803,106847,71.33
20,472,DALMIASUG,EQ,73301,36022,49.14
20,473,DAMODARIND,EQ,416101,102680,24.68
20,474,DANGEE,EQ,192747,100729,52.26
20,475,DATAMATICS,EQ,1603433,368946,23.01
20,476,DATAPATTNS,EQ,390628,151738,38.84
20,477,DBCORP,EQ,372853,188755,50.62
20,478,DBL,EQ,953376,263161,27.60
20,479,DBOL,EQ,117554,63858,54.32
20,480,DBREALTY,EQ,1208926,710167,58.74
20,481,DBSTOCKBRO,EQ,6170,2304,37.34
20,482,DCAL,EQ,545855,311040,56.98
20,483,DCBBANK,EQ,1335065,955906,71.60
20,484,DCI,EQ,3589,2427,67.62
20,485,DCM,EQ,13995,9041,64.60
20,486,DCMFINSERV,EQ,14407,14356,99.65
20,487,DCMNVL,EQ,135047,75362,55.80
20,488,DCMSHRIRAM,EQ,43908,30585,69.66
20,489,DCMSRIND,EQ,192348,104423,54.29
20,490,DCW,EQ,1103358,706332,64.02
20,491,DCXINDIA,EQ,1383980,559065,40.40
20,492,DECCANCE,EQ,30286,20352,67.20
20,493,DEEPAKFERT,EQ,802025,406705,50.71
20,494,DEEPAKNTR,EQ,638001,262538,41.15
20,495,DEEPENR,EQ,57479,42006,73.08
20,496,DEEPINDS,EQ,205767,120859,58.74
20,497,DELHIVERY,EQ,852619,485689,56.96
20,498,DELPHIFX,EQ,6603,1564,23.69
20,499,DELTACORP,EQ,1486675,418164,28.13
20,500,DELTAMAGNT,EQ,6846,3676,53.70
20,501,DEN,EQ,2316604,1199300,51.77
20,502,DENEERS,SM,28800,22800,79.17
20,503,DENORA,EQ,15482,9048,58.44
20,504,DENTALKART,ST,183000,183000,100.00
20,505,DESTINY,SM,6000,6000,100.00
20,506,DEVIT,EQ,71044,56960,80.18
20,507,DEVYANI,EQ,478900,256471,53.55
20,508,DGCONTENT,EQ,16516,12139,73.50
20,509,DHAMPURSUG,EQ,260308,114065,43.82
20,510,DHANBANK,EQ,678163,316152,46.62
20,511,DHANI,EQ,1958139,1184359,60.48
20,512,DHANILOANS,N7,10,10,100.00
20,513,DHANILOANS,NF,9,9,100.00
20,514,DHANILOANS,NG,5,5,100.00
20,515,DHANILOANS,NS,14,14,100.00
20,516,DHANILOANS,NU,5,5,100.00
20,517,DHANILOANS,NX,17,17,100.00
20,518,DHANILOANS,Y5,131,131,100.00
20,519,DHANUKA,EQ,27436,15763,57.45
20,520,DHARMAJ,EQ,62710,37032,59.05
20,521,DHRUV,EQ,44788,23810,53.16
20,522,DHUNINV,EQ,1488,1034,69.49
20,523,DIAMONDYD,EQ,16811,10349,61.56
20,524,DICIND,EQ,3079,2636,85.61
20,525,DIGISPICE,EQ,50059,35672,71.26
20,526,DIL,EQ,275272,187906,68.26
20,527,DISHTV,EQ,6401718,3896860,60.87
20,528,DIVGIITTS,EQ,61848,35492,57.39
20,529,DIVISLAB,EQ,633073,325012,51.34
20,530,DIVOPPBEES,EQ,21037,12684,60.29
20,531,DIXON,EQ,493727,173563,35.15
20,532,DJML,EQ,1738,824,47.41
20,533,DKEGL,SM,3000,3000,100.00
20,534,DLF,EQ,4635248,2281005,49.21
20,535,DLINKINDIA,EQ,609310,311421,51.11
20,536,DMART,EQ,182062,115132,63.24
20,537,DMCC,EQ,13704,7481,54.59
20,538,DNAMEDIA,EQ,66977,61823,92.30
20,539,DODLA,EQ,44389,26087,58.77
20,540,DOLATALGO,EQ,103700,57152,55.11
20,541,DOLLAR,EQ,148349,80488,54.26
20,542,DOLLEX,SM,16000,12000,75.00
20,543,DONEAR,EQ,100896,51849,51.39
20,544,DPABHUSHAN,EQ,9734,7901,81.17
20,545,DPSCLTD,EQ,96126,55483,57.72
20,546,DPWIRES,EQ,139127,68489,49.23
20,547,DRCSYSTEMS,EQ,16993,8604,50.63
20,548,DREAMFOLKS,EQ,195776,92824,47.41
20,549,DREDGECORP,EQ,150380,47861,31.83
20,550,DRREDDY,EQ,226428,132196,58.38
20,551,DSPBANKETF,EQ,2304,2215,96.14
20,552,DSPGOLDETF,EQ,1703,1353,79.45
20,553,DSPN50ETF,EQ,1118,731,65.38
20,554,DSPNEWETF,EQ,1867,1636,87.63
20,555,DSPQ50ETF,EQ,6311,5616,88.99
20,556,DSPSILVETF,EQ,1968,1075,54.62
20,557,DSSL,EQ,8546,8546,100.00
20,558,DTIL,EQ,18202,15049,82.68
20,559,DUCOL,SM,28800,27200,94.44
20,560,DUCON,EQ,201127,160390,79.75
20,561,DUGLOBAL,SM,2500,2500,100.00
20,562,DVL,EQ,17377,11709,67.38
20,563,DWARKESH,EQ,963592,414776,43.04
20,564,DYCL,EQ,149619,107260,71.69
20,565,DYNAMATECH,EQ,14772,8504,57.57
20,566,DYNAMIC,SM,62000,54000,87.10
20,567,DYNPRO,EQ,71926,35753,49.71
20,568,E2E,EQ,22001,11961,54.37
20,569,EASEMYTRIP,EQ,4931181,1747835,35.44
20,570,EBANK,EQ,2,2,100.00
20,571,EBBETF0425,EQ,6627,5615,84.73
20,572,EBBETF0430,EQ,4528,3330,73.54
20,573,EBBETF0431,EQ,10239,9202,89.87
20,574,EBBETF0433,EQ,2447,2007,82.02
20,575,ECLERX,EQ,336079,94705,28.18
20,576,ECLFINANCE,NG,201,201,100.00
20,577,ECLFINANCE,NI,50,50,100.00
20,578,ECLFINANCE,NJ,370,268,72.43
20,579,ECLFINANCE,NO,246,246,100.00
20,580,ECLFINANCE,NP,100,100,100.00
20,581,ECLFINANCE,NQ,95,95,100.00
20,582,ECLFINANCE,NR,1601,1546,96.56
20,583,ECLFINANCE,NS,2,0,0.00
20,584,EHFLNCD,N6,425,425,100.00
20,585,EICHERMOT,EQ,340655,186399,54.72
20,586,EIDPARRY,EQ,221710,158855,71.65
20,587,EIFFL,EQ,16566,15806,95.41
20,588,EIHAHOTELS,EQ,122409,31244,25.52
20,589,EIHOTEL,EQ,1184648,699359,59.04
20,590,EKC,EQ,360222,180629,50.14
20,591,ELDEHSG,EQ,2743,2044,74.52
20,592,ELECON,EQ,410725,157122,38.25
20,593,ELECTCAST,EQ,5421801,2710673,50.00
20,594,ELECTHERM,EQ,83660,46981,56.16
20,595,ELGIEQUIP,EQ,321563,121319,37.73
20,596,ELGIRUBCO,EQ,49951,28828,57.71
20,597,ELIN,EQ,352101,185052,52.56
20,598,EMAMILTD,BO,101637,101637,100.00
20,599,EMAMILTD,EQ,277136,191083,68.95
20,600,EMAMIPAP,EQ,23033,12715,55.20
20,601,EMAMIREAL,EQ,43499,19518,44.87
20,602,EMBASSY,RR,403815,340849,84.41
20,603,EMIL,EQ,981252,528354,53.84
20,604,EMKAY,EQ,46777,23797,50.87
20,605,EMKAYTOOLS,SM,1200,1200,100.00
20,606,EMMBI,EQ,84268,61725,73.25
20,607,EMUDHRA,EQ,332768,174763,52.52
20,608,ENDURANCE,EQ,151985,122682,80.72
20,609,ENERGYDEV,EQ,31171,19575,62.80
20,610,ENGINERSIN,EQ,6655397,1995442,29.98
20,611,ENIL,EQ,65836,50513,76.73
20,612,EPL,EQ,1252791,336152,26.83
20,613,EQUITASBNK,EQ,5458833,2965227,54.32
20,614,ERFLNCDI,N5,79,79,100.00
20,615,ERFLNCDI,N6,149,109,73.15
20,616,ERIS,EQ,21600,12565,58.17
20,617,EROSMEDIA,EQ,176003,107747,61.22
20,618,ESABINDIA,EQ,5465,3474,63.57
20,619,ESCORTS,EQ,128269,45285,35.30
20,620,ESSARSHPNG,EQ,640548,316953,49.48
20,621,ESSENTIA,EQ,475047,256528,54.00
20,622,ESTER,EQ,150902,89688,59.43
20,623,ETHOSLTD,EQ,27914,14531,52.06
20,624,EUROBOND,SM,14000,11000,78.57
20,625,EUROTEXIND,EQ,3406,3406,100.00
20,626,EVEREADY,EQ,173223,70792,40.87
20,627,EVERESTIND,EQ,10847,6136,56.57
20,628,EXCEL,EQ,7258826,3446553,47.48
20,629,EXCELINDUS,EQ,9968,5024,50.40
20,630,EXIDEIND,EQ,1142529,603403,52.81
20,631,EXPLEOSOL,EQ,22337,10659,47.72
20,632,EXXARO,EQ,49447,30016,60.70
20,633,FACT,EQ,535436,171334,32.00
20,634,FAIRCHEMOR,EQ,38456,19047,49.53
20,635,FAZE3Q,EQ,17292,12315,71.22
20,636,FCL,EQ,886109,288576,32.57
20,637,FCSSOFT,EQ,2911846,2108782,72.42
20,638,FDC,EQ,179583,136738,76.14
20,639,FEDERALBNK,EQ,10321926,4317254,41.83
20,640,FELIX,SM,6000,6000,100.00
20,641,FIBERWEB,EQ,38742,20820,53.74
20,642,FIDEL,SM,12000,12000,100.00
20,643,FIEMIND,EQ,36692,22006,59.97
20,644,FILATEX,EQ,1545442,770171,49.83
20,645,FINCABLES,EQ,209148,71688,34.28
20,646,FINEORG,EQ,213158,82143,38.54
20,647,FINOPB,EQ,43986,28956,65.83
20,648,FINPIPE,EQ,852730,588916,69.06
20,649,FIVESTAR,EQ,576465,391432,67.90
20,650,FLEXITUFF,EQ,36501,24969,68.41
20,651,FLUOROCHEM,EQ,150465,97268,64.64
20,652,FMGOETZE,EQ,126729,73924,58.33
20,653,FMNL,EQ,50384,37236,73.90
20,654,FOCE,SM,400,400,100.00
20,655,FOCUS,EQ,34829,23946,68.75
20,656,FOODSIN,EQ,954268,484870,50.81
20,657,FORCEMOT,EQ,128428,53771,41.87
20,658,FORTIS,EQ,1162106,727346,62.59
20,659,FOSECOIND,EQ,7482,3125,41.77
20,660,FROG,SM,280000,174400,62.29
20,661,FSL,EQ,2165276,1044088,48.22
20,662,FUSION,EQ,281471,144962,51.50
20,663,GABRIEL,EQ,620354,314989,50.78
20,664,GAEL,EQ,309403,157702,50.97
20,665,GAIL,EQ,5284220,2888214,54.66
20,666,GAL,EQ,2744596,1748869,63.72
20,667,GALAXYSURF,EQ,95579,17282,18.08
20,668,GALLANTT,EQ,367649,199210,54.18
20,669,GANDHITUBE,EQ,59875,28124,46.97
20,670,GANECOS,EQ,29234,14608,49.97
20,671,GANESHBE,EQ,73193,39114,53.44
20,672,GANESHHOUC,EQ,51689,19340,37.42
20,673,GANGAFORGE,EQ,3023524,1463489,48.40
20,674,GANGESSECU,EQ,5056,3528,69.78
20,675,GARFIBRES,EQ,10809,4971,45.99
20,676,GATEWAY,EQ,1749193,1205695,68.93
20,677,GATI,EQ,214618,105428,49.12
20,678,GEECEE,EQ,5163,3648,70.66
20,679,GEEKAYWIRE,EQ,307720,205874,66.90
20,680,GENCON,EQ,109906,26901,24.48
20,681,GENESYS,EQ,41163,21983,53.40
20,682,GENUSPAPER,EQ,315499,279442,88.57
20,683,GENUSPOWER,EQ,1733531,815075,47.02
20,684,GEOJITFSL,EQ,513436,228078,44.42
20,685,GEPIL,EQ,5106473,749046,14.67
20,686,GESHIP,EQ,792767,267774,33.78
20,687,GFLLIMITED,EQ,63368,49998,78.90
20,688,GHCL,EQ,167245,110199,65.89
20,689,GICHSGFIN,EQ,324208,164815,50.84
20,690,GICL,SM,54000,42000,77.78
20,691,GICRE,EQ,670266,314520,46.92
20,692,GILLANDERS,EQ,9676,7431,76.80
20,693,GILLETTE,EQ,41378,7789,18.82
20,694,GILT5YBEES,EQ,1194116,1187416,99.44
20,695,GINNIFILA,EQ,81935,69243,84.51
20,696,GIPCL,EQ,759648,415093,54.64
20,697,GKWLIMITED,EQ,3277,3088,94.23
20,698,GLAND,EQ,383146,229008,59.77
20,699,GLAXO,EQ,99415,37744,37.97
20,700,GLENMARK,EQ,764068,208916,27.34
20,701,GLFL,EQ,1500,1500,100.00
20,702,GLOBAL,EQ,437643,191451,43.75
20,703,GLOBALVECT,EQ,18472,8821,47.75
20,704,GLOBE,EQ,484849,327238,67.49
20,705,GLOBUSSPR,EQ,287473,99309,34.55
20,706,GLS,EQ,141318,73355,51.91
20,707,GMBREW,EQ,45076,28665,63.59
20,708,GMDCLTD,EQ,2846803,1162001,40.82
20,709,GMMPFAUDLR,EQ,72720,31366,43.13
20,710,GMRINFRA,EQ,8170749,2941316,36.00
20,711,GMRP&UI,EQ,253826,160044,63.05
20,712,GNA,EQ,63776,42075,65.97
20,713,GNFC,EQ,461700,207309,44.90
20,714,GOACARBON,EQ,53740,34211,63.66
20,715,GOCLCORP,EQ,28767,18232,63.38
20,716,GOCOLORS,EQ,26117,8641,33.09
20,717,GODFRYPHLP,EQ,45433,34031,74.90
20,718,GODREJAGRO,EQ,78360,49193,62.78
20,719,GODREJCP,EQ,803273,538764,67.07
20,720,GODREJIND,EQ,149849,98840,65.96
20,721,GODREJPROP,EQ,328750,113679,34.58
20,722,GOKEX,EQ,616725,343346,55.67
20,723,GOKUL,EQ,47762,32259,67.54
20,724,GOKULAGRO,EQ,142199,95908,67.45
20,725,GOLDBEES,EQ,5408201,3338288,61.73
20,726,GOLDIAM,EQ,172940,112395,64.99
20,727,GOLDSHARE,EQ,134285,105020,78.21
20,728,GOLDSTAR,SM,18000,18000,100.00
20,729,GOLDTECH,EQ,49523,49112,99.17
20,730,GOODLUCK,EQ,64132,22542,35.15
20,731,GOODYEAR,EQ,36275,22095,60.91
20,732,GOYALALUM,EQ,155194,155194,100.00
20,733,GPIL,EQ,446062,286846,64.31
20,734,GPPL,EQ,1066215,664087,62.28
20,735,GPTINFRA,EQ,76437,40539,53.04
20,736,GRANULES,EQ,606860,254014,41.86
20,737,GRAPHITE,EQ,4283956,893012,20.85
20,738,GRASIM,EQ,767386,368984,48.08
20,739,GRAUWEIL,EQ,369602,216363,58.54
20,740,GRAVITA,EQ,363315,163751,45.07
20,741,GRCL,SM,28000,16000,57.14
20,742,GREAVESCOT,EQ,4047204,1776756,43.90
20,743,GREENLAM,EQ,57654,34532,59.90
20,744,GREENPANEL,EQ,342589,151266,44.15
20,745,GREENPLY,EQ,197556,100080,50.66
20,746,GREENPOWER,EQ,3707689,1400099,37.76
20,747,GRINDWELL,EQ,14550,7002,48.12
20,748,GRINFRA,EQ,30425,16641,54.70
20,749,GRMOVER,EQ,67951,41490,61.06
20,750,GROBTEA,EQ,233,171,73.39
20,751,GRPLTD,EQ,1552,1207,77.77
20,752,GRSE,EQ,5322415,665780,12.51
20,753,GRWRHITECH,EQ,85869,39353,45.83
20,754,GSFC,EQ,2145109,840726,39.19
20,755,GSLSU,EQ,143103,55167,38.55
20,756,GSPL,EQ,599679,385363,64.26
20,757,GSS,EQ,12941,5488,42.41
20,758,GSTL,SM,24000,22000,91.67
20,759,GTL,EQ,344499,234182,67.98
20,760,GTLINFRA,EQ,20542634,8125638,39.55
20,761,GTPL,EQ,41389,24895,60.15
20,762,GUFICBIO,EQ,91686,58779,64.11
20,763,GUJALKALI,EQ,52373,29147,55.65
20,764,GUJAPOLLO,EQ,1651,1237,74.92
20,765,GUJGASLTD,EQ,923028,492642,53.37
20,766,GULFOILLUB,EQ,33957,18663,54.96
20,767,GULFPETRO,EQ,150905,105470,69.89
20,768,GULPOLY,EQ,175678,106611,60.69
20,769,GVKPIL,EQ,841990,535316,63.58
20,770,HAL,EQ,2392484,484779,20.26
20,771,HAPPSTMNDS,EQ,201852,99233,49.16
20,772,HARDWYN,EQ,2234493,925522,41.42
20,773,HARIOMPIPE,EQ,78834,44818,56.85
20,774,HARRMALAYA,EQ,23697,17071,72.04
20,775,HARSHA,EQ,186543,82583,44.27
20,776,HATHWAY,EQ,4228996,2150134,50.84
20,777,HATSUN,EQ,7221,3808,52.74
20,778,HAVELLS,EQ,953995,512849,53.76
20,779,HBANKETF,EQ,2653,2006,75.61
20,780,HBLPOWER,EQ,19598752,5603273,28.59
20,781,HBSL,EQ,12286,8001,65.12
20,782,HCC,EQ,21776686,8067650,37.05
20,783,HCG,EQ,410364,266866,65.03
20,784,HCL-INSYS,EQ,413625,211590,51.16
20,785,HCLTECH,EQ,1435758,1047933,72.99
20,786,HDFC,EQ,4714971,3685375,78.16
20,787,HDFC,W3,56400,48600,86.17
20,788,HDFCAMC,EQ,500466,353439,70.62
20,789,HDFCBANK,EQ,9348621,2890771,30.92
20,790,HDFCBSE500,EQ,4076,2781,68.23
20,791,HDFCGROWTH,EQ,2111,1288,61.01
20,792,HDFCLIFE,EQ,2230529,1255080,56.27
20,793,HDFCLOWVOL,EQ,970,841,86.70
20,794,HDFCMFGETF,EQ,1273914,1099016,86.27
20,795,HDFCMID150,EQ,8950,8420,94.08
20,796,HDFCMOMENT,EQ,2331,1784,76.53
20,797,HDFCNEXT50,EQ,393,298,75.83
20,798,HDFCNIF100,EQ,6167,5140,83.35
20,799,HDFCNIFETF,EQ,63870,61951,97.00
20,800,HDFCNIFIT,EQ,1472,992,67.39
20,801,HDFCPVTBAN,EQ,1359,753,55.41
20,802,HDFCQUAL,EQ,2907,2153,74.06
20,803,HDFCSENETF,EQ,1996,1515,75.90
20,804,HDFCSILVER,EQ,62977,49217,78.15
20,805,HDFCSML250,EQ,224438,186625,83.15
20,806,HDFCVALUE,EQ,1732,1054,60.85
20,807,HEADSUP,EQ,136100,52730,38.74
20,808,HEALTHY,EQ,136600,88461,64.76
20,809,HECPROJECT,EQ,11894,10029,84.32
20,810,HEG,EQ,644951,166491,25.81
20,811,HEIDELBERG,EQ,237633,178241,75.01
20,812,HEMIPROP,EQ,734004,310322,42.28
20,813,HERANBA,EQ,61391,30126,49.07
20,814,HERCULES,EQ,71335,34088,47.79
20,815,HERITGFOOD,EQ,317685,167987,52.88
20,816,HEROMOTOCO,EQ,620625,291121,46.91
20,817,HESTERBIO,EQ,1443,911,63.13
20,818,HEUBACHIND,EQ,20212,12122,59.97
20,819,HEXATRADEX,EQ,9206,5172,56.18
20,820,HFCL,EQ,13345652,4804267,36.00
20,821,HGINFRA,EQ,274244,77682,28.33
20,822,HGS,EQ,18565,11477,61.82
20,823,HIKAL,EQ,849536,317656,37.39
20,824,HIL,EQ,25543,14767,57.81
20,825,HILTON,EQ,151012,51706,34.24
20,826,HIMATSEIDE,EQ,1841078,863182,46.88
20,827,HINDALCO,EQ,8039709,4659611,57.96
20,828,HINDCOMPOS,EQ,69414,23152,33.35
20,829,HINDCON,EQ,15935,11356,71.26
20,830,HINDCOPPER,EQ,3137680,1398187,44.56
20,831,HINDMOTORS,EQ,771866,571436,74.03
20,832,HINDOILEXP,EQ,2333758,897283,38.45
20,833,HINDPETRO,EQ,2728973,1130122,41.41
20,834,HINDUNILVR,EQ,1000190,731563,73.14
20,835,HINDWAREAP,EQ,149768,86385,57.68
20,836,HINDZINC,EQ,421092,207689,49.32
20,837,HIRECT,EQ,38692,25388,65.62
20,838,HISARMETAL,EQ,44281,25385,57.33
20,839,HITECH,EQ,1062235,675664,63.61
20,840,HITECHCORP,EQ,23298,17876,76.73
20,841,HITECHGEAR,EQ,777363,180770,23.25
20,842,HLEGLAS,EQ,503545,140397,27.88
20,843,HLVLTD,EQ,409438,324758,79.32
20,844,HMVL,EQ,267865,135007,50.40
20,845,HNDFDS,EQ,66897,44578,66.64
20,846,HNGSNGBEES,EQ,25295,18411,72.79
20,847,HOMEFIRST,EQ,325638,247534,76.02
20,848,HOMESFY,SM,5700,5400,94.74
20,849,HONAUT,EQ,3977,1959,49.26
20,850,HONDAPOWER,EQ,11032,3981,36.09
20,851,HOVS,EQ,19571,12074,61.69
20,852,HPAL,EQ,162808,66821,41.04
20,853,HPIL,EQ,4900,4617,94.22
20,854,HPL,EQ,623522,327387,52.51
20,855,HSCL,EQ,5594474,2219814,39.68
20,856,HTMEDIA,EQ,133538,102115,76.47
20,857,HUBTOWN,EQ,63838,40365,63.23
20,858,HUDCO,EQ,15678637,5452506,34.78
20,859,HUDCO,N2,100,100,100.00
20,860,HUDCO,N8,1300,1300,100.00
20,861,HUDCO,ND,870,870,100.00
20,862,HUDCO,NE,327,317,96.94
20,863,HUHTAMAKI,EQ,93611,48985,52.33
20,864,IBMFNIFTY,EQ,1322,386,29.20
20,865,IBREALEST,EQ,7656625,3215541,42.00
20,866,IBUCCREDIT,N7,25,25,100.00
20,867,IBUCCREDIT,NB,56,56,100.00
20,868,IBUCCREDIT,NO,9,9,100.00
20,869,IBUCCREDIT,NZ,20,20,100.00
20,870,IBULHSGFIN,AB,36,36,100.00
20,871,IBULHSGFIN,AC,10,10,100.00
20,872,IBULHSGFIN,AG,20,20,100.00
20,873,IBULHSGFIN,EQ,8225136,2195799,26.70
20,874,IBULHSGFIN,N9,60,60,100.00
20,875,IBULHSGFIN,NA,101,101,100.00
20,876,IBULHSGFIN,NB,10,10,100.00
20,877,IBULHSGFIN,NG,113,113,100.00
20,878,IBULHSGFIN,NH,66,66,100.00
20,879,IBULHSGFIN,NT,100,100,100.00
20,880,IBULHSGFIN,Y3,15,15,100.00
20,881,IBULHSGFIN,YK,25,25,100.00
20,882,IBULHSGFIN,YV,31,31,100.00
20,883,IBULHSGFIN,ZK,5,5,100.00
20,884,ICEMAKE,EQ,51751,46148,89.17
20,885,ICICI10GS,EQ,50,20,40.00
20,886,ICICI500,EQ,39144,31893,81.48
20,887,ICICI5GSEC,EQ,667,663,99.40
20,888,ICICIALPLV,EQ,116063,81070,69.85
20,889,ICICIAUTO,EQ,24716,20053,81.13
20,890,ICICIB22,EQ,181024,107925,59.62
20,891,ICICIBANK,EQ,10751684,2500361,23.26
20,892,ICICIBANKN,EQ,579608,567168,97.85
20,893,ICICIBANKP,EQ,10177,6309,61.99
20,894,ICICICOMMO,EQ,25881,22686,87.66
20,895,ICICICONSU,EQ,2617,887,33.89
20,896,ICICIFIN,EQ,17724,13487,76.09
20,897,ICICIFMCG,EQ,8235,6719,81.59
20,898,ICICIGI,EQ,342547,171490,50.06
20,899,ICICIGOLD,EQ,503477,327720,65.09
20,900,ICICIINFRA,EQ,3374,2154,63.84
20,901,ICICILIQ,EQ,357566,296233,82.85
20,902,ICICILOVOL,EQ,199529,185965,93.20
20,903,ICICIM150,EQ,47868,44849,93.69
20,904,ICICIMCAP,EQ,22021,14664,66.59
20,905,ICICIMOM30,EQ,59110,55862,94.51
20,906,ICICINF100,EQ,8826,6690,75.80
20,907,ICICINIFTY,EQ,91849,71522,77.87
20,908,ICICINV20,EQ,45892,34485,75.14
20,909,ICICINXT50,EQ,210111,185728,88.40
20,910,ICICIPHARM,EQ,11415,9379,82.16
20,911,ICICIPRULI,EQ,2460361,1593155,64.75
20,912,ICICISENSX,EQ,3400,2716,79.88
20,913,ICICISILVE,EQ,129854,104239,80.27
20,914,ICICITECH,EQ,299754,165539,55.22
20,915,ICIL,EQ,4331517,759401,17.53
20,916,ICRA,EQ,20653,18737,90.72
20,917,IDBI,EQ,9520771,4193347,44.04
20,918,IDBIGOLD,EQ,279,181,64.87
20,919,IDEA,EQ,34807393,12551354,36.06
20,920,IDFC,EQ,5340925,2372600,44.42
20,921,IDFCFIRSTB,EQ,29709631,13731370,46.22
20,922,IDFNIFTYET,EQ,126,75,59.52
20,923,IEL,EQ,359816,260541,72.41
20,924,IEX,EQ,2919012,1574036,53.92
20,925,IFBAGRO,EQ,3495,2449,70.07
20,926,IFBIND,EQ,27640,17461,63.17
20,927,IFCI,EQ,3011711,1443986,47.95
20,928,IFCI,NH,190,190,100.00
20,929,IFGLEXPOR,EQ,96129,55279,57.51
20,930,IGARASHI,EQ,591388,185964,31.45
20,931,IGL,EQ,1099894,525567,47.78
20,932,IGPL,EQ,24907,15181,60.95
20,933,IIFCL,N4,428,400,93.46
20,934,IIFL,EQ,922125,530382,57.52
20,935,IIFL,NE,480,480,100.00
20,936,IIFL,NF,2067,2057,99.52
20,937,IIFL,NG,500,500,100.00
20,938,IIFL,NH,260,210,80.77
20,939,IIFL,NJ,875,850,97.14
20,940,IIFL,NK,20,20,100.00
20,941,IIFL,NL,710,610,85.92
20,942,IIFL,NM,277,272,98.19
20,943,IIFL,NP,10,10,100.00
20,944,IIFL,NS,232,217,93.53
20,945,IIFL,NT,25,25,100.00
20,946,IIFLSEC,EQ,401834,237153,59.02
20,947,IIHFL,N5,1727,1642,95.08
20,948,IIHFL,N6,50,50,100.00
20,949,IIHFL,N7,200,200,100.00
20,950,IIHFL,N8,300,225,75.00
20,951,IIHFL,N9,377,377,100.00
20,952,IIHFL,NC,897,872,97.21
20,953,IIHFL,ND,1,1,100.00
20,954,IITL,EQ,418622,388391,92.78
20,955,IMAGICAA,EQ,603177,386029,64.00
20,956,IMC1,N0,38,38,100.00
20,957,IMC1,N1,28,20,71.43
20,958,IMC1,N2,21,21,100.00
20,959,IMC1,N3,353,347,98.30
20,960,IMFA,EQ,134270,101745,75.78
20,961,IMPAL,EQ,2053,1684,82.03
20,962,IMPEXFERRO,EQ,44190,43652,98.78
20,963,INCREDFIN,N5,100,100,100.00
20,964,INCREDFIN,N6,166,166,100.00
20,965,INCREDIBLE,EQ,31146,24898,79.94
20,966,INDBANK,EQ,98261,74628,75.95
20,967,INDHOTEL,EQ,4593591,3164428,68.89
20,968,INDIACEM,EQ,9139156,1430489,15.65
20,969,INDIAGLYCO,EQ,109815,37477,34.13
20,970,INDIAMART,EQ,100102,46043,46.00
20,971,INDIANB,EQ,1327979,806407,60.72
20,972,INDIANCARD,EQ,889,654,73.57
20,973,INDIANHUME,EQ,744435,297863,40.01
20,974,INDIGO,EQ,880388,593762,67.44
20,975,INDIGOPNTS,EQ,78894,33886,42.95
20,976,INDIGRID,IV,96411,91840,95.26
20,977,INDIGRID,NJ,1459,1400,95.96
20,978,INDNIPPON,EQ,34470,19353,56.14
20,979,INDOAMIN,EQ,218776,116075,53.06
20,980,INDOBORAX,EQ,184657,130162,70.49
20,981,INDOCO,EQ,426432,162340,38.07
20,982,INDORAMA,EQ,1806627,534113,29.56
20,983,INDOTECH,EQ,125207,77104,61.58
20,984,INDOTHAI,EQ,4862,3151,64.81
20,985,INDOWIND,EQ,178699,124411,69.62
20,986,INDSWFTLAB,EQ,149737,90370,60.35
20,987,INDSWFTLTD,EQ,118094,89620,75.89
20,988,INDTERRAIN,EQ,126256,79501,62.97
20,989,INDUSINDBK,EQ,3040374,1827664,60.11
20,990,INDUSTOWER,EQ,9485886,4042419,42.62
20,991,INFIBEAM,EQ,7185797,3327496,46.31
20,992,INFINIUM,SM,26000,22000,84.62
20,993,INFOBEAN,EQ,32189,16751,52.04
20,994,INFRABEES,EQ,4195,3527,84.08
20,995,INFY,EQ,5002553,3558662,71.14
20,996,INGERRAND,EQ,17878,7205,40.30
20,997,INNOVANA,SM,14400,10800,75.00
20,998,INNOVATIVE,ST,3000,3000,100.00
20,999,INOXGREEN,EQ,4414612,3099343,70.21
20,1000,INOXWIND,EQ,5137615,1919423,37.36
20,1001,INSECTICID,EQ,30079,20436,67.94
20,1002,INSPIRISYS,EQ,26809,22479,83.85
20,1003,INTELLECT,EQ,403636,116444,28.85
20,1004,INTENTECH,EQ,67930,44756,65.89
20,1005,INTLCONV,EQ,345016,188234,54.56
20,1006,INVENTURE,EQ,2541843,1570499,61.79
20,1007,IOB,EQ,6319120,2104031,33.30
20,1008,IOC,EQ,9227005,4985692,54.03
20,1009,IOLCP,EQ,344126,125010,36.33
20,1010,IONEXCHANG,EQ,34104,16611,48.71
20,1011,IPCALAB,EQ,741353,363237,49.00
20,1012,IPL,EQ,92225,56772,61.56
20,1013,IPSL,SM,2000,2000,100.00
20,1014,IRB,EQ,6351749,3144653,49.51
20,1015,IRBINVIT,IV,666581,555496,83.34
20,1016,IRCON,EQ,10446151,2750345,26.33
20,1017,IRCTC,EQ,1619948,481884,29.75
20,1018,IREDA,N6,1,1,100.00
20,1019,IRFC,EQ,23679377,7740238,32.69
20,1020,IRFC,N2,50,50,100.00
20,1021,IRFC,N9,309,309,100.00
20,1022,IRFC,NA,622,562,90.35
20,1023,IRFC,NC,27,27,100.00
20,1024,IRFC,NE,187,187,100.00
20,1025,IRFC,NJ,551,551,100.00
20,1026,IRFC,NN,950,750,78.95
20,1027,IRFC,NO,550,550,100.00
20,1028,IRIS,EQ,10152,6102,60.11
20,1029,IRISDOREME,EQ,20857,3946,18.92
20,1030,ISEC,EQ,585565,290494,49.61
20,1031,ISFT,EQ,4361,3289,75.42
20,1032,ISGEC,EQ,172067,81145,47.16
20,1033,ISHAN,SM,17600,12800,72.73
20,1034,ISMTLTD,EQ,790817,387425,48.99
20,1035,ITBEES,EQ,3617842,2870866,79.35
20,1036,ITC,EQ,7152179,3933997,55.00
20,1037,ITDC,EQ,20980,12208,58.19
20,1038,ITDCEM,EQ,957916,456268,47.63
20,1039,ITI,EQ,985922,362287,36.75
20,1040,IVC,EQ,669077,503599,75.27
20,1041,IVZINGOLD,EQ,183,150,81.97
20,1042,IWEL,EQ,18260,12584,68.92
20,1043,IZMO,EQ,219124,150422,68.65
20,1044,JAGRAN,EQ,484498,316635,65.35
20,1045,JAGSNPHARM,EQ,45822,23398,51.06
20,1046,JAICORPLTD,EQ,1503964,377777,25.12
20,1047,JAINAM,SM,7000,7000,100.00
20,1048,JAIPURKURT,EQ,11449,8884,77.60
20,1049,JALAN,SM,9000,9000,100.00
20,1050,JAMNAAUTO,EQ,666884,325883,48.87
20,1051,JASH,EQ,14484,9528,65.78
20,1052,JAYAGROGN,EQ,41937,24930,59.45
20,1053,JAYBARMARU,EQ,314754,128044,40.68
20,1054,JAYNECOIND,EQ,169097,158949,94.00
20,1055,JAYSREETEA,EQ,9280,6026,64.94
20,1056,JBCHEPHARM,EQ,34845,17495,50.21
20,1057,JBMA,EQ,231688,98207,42.39
20,1058,JCHAC,EQ,41019,33676,82.10
20,1059,JETFREIGHT,EQ,57765,42033,72.77
20,1060,JFLLIFE,SM,2000,2000,100.00
20,1061,JHS,EQ,260478,239991,92.13
20,1062,JINDALPHOT,EQ,28620,16776,58.62
20,1063,JINDALPOLY,EQ,45659,20130,44.09
20,1064,JINDALSAW,EQ,1850723,821580,44.39
20,1065,JINDALSTEL,EQ,3161259,1322342,41.83
20,1066,JINDRILL,EQ,109720,54163,49.36
20,1067,JINDWORLD,EQ,17293,8458,48.91
20,1068,JISLDVREQS,EQ,75380,46483,61.66
20,1069,JISLJALEQS,EQ,6416510,3547398,55.29
20,1070,J&KBANK,EQ,2733778,1342198,49.10
20,1071,JKCEMENT,EQ,190409,146697,77.04
20,1072,JKIL,EQ,423013,237773,56.21
20,1073,JKLAKSHMI,EQ,273770,88030,32.15
20,1074,JKPAPER,EQ,390554,178765,45.77
20,1075,JKTYRE,EQ,655615,275349,42.00
20,1076,JMA,EQ,33230,24752,74.49
20,1077,JMFINANCIL,EQ,2267175,1117396,49.29
20,1078,JOCIL,EQ,16272,14335,88.10
20,1079,JPASSOCIAT,EQ,4185257,2295795,54.85
20,1080,JPOLYINVST,EQ,82993,42666,51.41
20,1081,JPPOWER,EQ,18244806,10202765,55.92
20,1082,JSL,EQ,429328,269896,62.86
20,1083,JSLL,SM,22500,19000,84.44
20,1084,JSWENERGY,EQ,939922,486347,51.74
20,1085,JSWHL,EQ,332,212,63.86
20,1086,JSWISPL,EQ,1149850,578833,50.34
20,1087,JSWSTEEL,EQ,2454283,1399051,57.00
20,1088,JTEKTINDIA,EQ,1860334,824413,44.32
20,1089,JTLIND,EQ,190706,129557,67.94
20,1090,JUBLFOOD,EQ,779958,332063,42.57
20,1091,JUBLINDS,EQ,12660,6083,48.05
20,1092,JUBLINGREA,EQ,340028,212811,62.59
20,1093,JUBLPHARMA,EQ,127798,85671,67.04
20,1094,JUNIORBEES,EQ,106129,74088,69.81
20,1095,JUSTDIAL,EQ,574088,138201,24.07
20,1096,JWL,EQ,708898,487296,68.74
20,1097,JYOTHYLAB,EQ,492192,286835,58.28
20,1098,KABRAEXTRU,EQ,115343,55404,48.03
20,1099,KAJARIACER,EQ,133709,96699,72.32
20,1100,KAKATCEM,EQ,7165,4431,61.84
20,1101,KALPATPOWR,EQ,1339701,494765,36.93
20,1102,KALYANKJIL,EQ,3226338,1370411,42.48
20,1103,KAMDHENU,EQ,544347,195375,35.89
20,1104,KAMOPAINTS,EQ,247825,84345,34.03
20,1105,KANANIIND,EQ,107796,81638,75.73
20,1106,KANDARP,SM,4000,4000,100.00
20,1107,KANORICHEM,EQ,32482,27114,83.47
20,1108,KANPRPLA,EQ,14712,10923,74.25
20,1109,KANSAINER,EQ,108736,59404,54.63
20,1110,KAPSTON,EQ,6597,4503,68.26
20,1111,KARMAENG,EQ,3987,1755,44.02
20,1112,KARURVYSYA,EQ,1414893,845525,59.76
20,1113,KAUSHALYA,EQ,2762072,1055230,38.20
20,1114,KAVVERITEL,EQ,13844,13844,100.00
20,1115,KAYA,EQ,9055,5126,56.61
20,1116,KAYNES,EQ,173125,83752,48.38
20,1117,KBCGLOBAL,EQ,12054044,5326197,44.19
20,1118,KCK,SM,4000,4000,100.00
20,1119,KCP,EQ,188373,115879,61.52
20,1120,KCPSUGIND,EQ,195675,104890,53.60
20,1121,KDDL,EQ,190754,40935,21.46
20,1122,KEC,EQ,174278,49481,28.39
20,1123,KEI,EQ,153265,58514,38.18
20,1124,KELLTONTEC,EQ,779328,438843,56.31
20,1125,KENNAMET,EQ,5909,3433,58.10
20,1126,KESORAMIND,EQ,657465,349031,53.09
20,1127,KEYFINSERV,EQ,7763,5490,70.72
20,1128,KFINTECH,EQ,142217,96133,67.60
20,1129,KHADIM,EQ,33323,20973,62.94
20,1130,KHAICHEM,EQ,102142,73109,71.58
20,1131,KHAITANLTD,EQ,5344,4114,76.98
20,1132,KHFM,SM,9300,6200,66.67
20,1133,KICL,EQ,1638,1281,78.21
20,1134,KIMS,EQ,61216,36950,60.36
20,1135,KINGFA,EQ,15530,5893,37.95
20,1136,KIOCL,EQ,17864,11922,66.74
20,1137,KIRIINDUS,EQ,89679,45245,50.45
20,1138,KIRLFER,EQ,116101,43770,37.70
20,1139,KIRLOSBROS,EQ,161912,57938,35.78
20,1140,KIRLOSENG,EQ,337094,233775,69.35
20,1141,KIRLOSIND,EQ,7841,6155,78.50
20,1142,KIRLPNU,EQ,173247,112648,65.02
20,1143,KITEX,EQ,387623,205028,52.89
20,1144,KKCL,EQ,69198,47468,68.60
20,1145,KMSUGAR,EQ,173919,114291,65.72
20,1146,KNAGRI,SM,14400,8000,55.56
20,1147,KNRCON,EQ,468408,286738,61.22
20,1148,KOKUYOCMLN,EQ,925805,429430,46.38
20,1149,KOLTEPATIL,EQ,1022353,525233,51.37
20,1150,KOPRAN,EQ,1411654,400930,28.40
20,1151,KOTAKALPHA,EQ,218600,143450,65.62
20,1152,KOTAKBANK,EQ,2405909,1252106,52.04
20,1153,KOTAKBKETF,EQ,6434,4531,70.42
20,1154,KOTAKCONS,EQ,2,2,100.00
20,1155,KOTAKGOLD,EQ,195848,157055,80.19
20,1156,KOTAKIT,EQ,105980,77940,73.54
20,1157,KOTAKLIQ,EQ,202,201,99.50
20,1158,KOTAKLOVOL,EQ,1808,904,50.00
20,1159,KOTAKMID50,EQ,6376,4788,75.09
20,1160,KOTAKMNC,EQ,5731,5112,89.20
20,1161,KOTAKNIFTY,EQ,26864,17494,65.12
20,1162,KOTAKNV20,EQ,11092,6367,57.40
20,1163,KOTAKPSUBK,EQ,139358,129026,92.59
20,1164,KOTAKSILVE,EQ,211940,210194,99.18
20,1165,KOTARISUG,EQ,121740,79138,65.01
20,1166,KOTHARIPET,EQ,105555,65324,61.89
20,1167,KOTHARIPRO,EQ,17094,12236,71.58
20,1168,KOTYARK,SM,13600,10800,79.41
20,1169,KOVAI,EQ,13515,11907,88.10
20,1170,KPIGREEN,EQ,137085,81708,59.60
20,1171,KPITTECH,EQ,1246760,371821,29.82
20,1172,KPRMILL,EQ,841864,381854,45.36
20,1173,KRBL,EQ,424191,223743,52.75
20,1174,KREBSBIO,EQ,5833,4350,74.58
20,1175,KRIDHANINF,EQ,77459,63726,82.27
20,1176,KRISHANA,EQ,67558,63092,93.39
20,1177,KRISHCA,ST,214000,188000,87.85
20,1178,KRISHNADEF,SM,52000,39000,75.00
20,1179,KRITI,EQ,53645,40963,76.36
20,1180,KRITIKA,EQ,5739382,1981955,34.53
20,1181,KRITINUT,EQ,51103,28434,55.64
20,1182,KRSNAA,EQ,64327,33213,51.63
20,1183,KSB,EQ,14827,8687,58.59
20,1184,KSCL,EQ,53258,32656,61.32
20,1185,KSHITIJPOL,EQ,1195678,919454,76.90
20,1186,KSL,EQ,47689,31974,67.05
20,1187,KSOLVES,EQ,58984,30274,51.33
20,1188,KTKBANK,EQ,1438642,842245,58.54
20,1189,KUANTUM,EQ,24828,15578,62.74
20,1190,LAGNAM,EQ,36332,12912,35.54
20,1191,LALPATHLAB,EQ,124072,37172,29.96
20,1192,LAMBODHARA,EQ,343945,56700,16.49
20,1193,LANDMARK,EQ,57910,23412,40.43
20,1194,LAOPALA,EQ,684236,361427,52.82
20,1195,LASA,EQ,48718,28536,58.57
20,1196,LATENTVIEW,EQ,411515,232926,56.60
20,1197,LATTEYS,EQ,44276,34097,77.01
20,1198,LAURUSLABS,EQ,1621295,590388,36.41
20,1199,LAXMICOT,EQ,77308,74062,95.80
20,1200,LAXMIMACH,EQ,2618,1263,48.24
20,1201,LCCINFOTEC,EQ,96761,72826,75.26
20,1202,LEMERITE,SM,35200,32000,90.91
20,1203,LEMONTREE,EQ,6060234,2708894,44.70
20,1204,LEXUS,EQ,11282,10046,89.04
20,1205,LFIC,EQ,6117,3660,59.83
20,1206,LGBBROSLTD,EQ,58923,29753,50.49
20,1207,LGBFORGE,EQ,118702,97042,81.75
20,1208,LIBAS,EQ,77928,54067,69.38
20,1209,LIBERTSHOE,EQ,53526,22954,42.88
20,1210,LICHSGFIN,EQ,2323645,714999,30.77
20,1211,LICI,EQ,641136,332652,51.88
20,1212,LICNETFGSC,EQ,4416,1995,45.18
20,1213,LICNETFN50,EQ,158,133,84.18
20,1214,LICNETFSEN,EQ,584,552,94.52
20,1215,LICNFNHGP,EQ,601,591,98.34
20,1216,LIKHITHA,EQ,123588,72441,58.61
20,1217,LINC,EQ,16368,11131,68.00
20,1218,LINCOLN,EQ,87160,53853,61.79
20,1219,LINDEINDIA,EQ,13392,7190,53.69
20,1220,LIQUIDBEES,EQ,2190780,1730771,79.00
20,1221,LIQUIDETF,EQ,183322,81714,44.57
20,1222,LLOYDS,SM,33000,33000,100.00
20,1223,LODHA,EQ,1114988,533071,47.81
20,1224,LOKESHMACH,EQ,215434,103279,47.94
20,1225,LOTUSEYE,EQ,25239,15259,60.46
20,1226,LOVABLE,EQ,21402,12726,59.46
20,1227,LOYALTEX,EQ,367,291,79.29
20,1228,LPDC,EQ,43178,21194,49.09
20,1229,LRRPL,SM,90000,78000,86.67
20,1230,LSIL,EQ,28921054,9638227,33.33
20,1231,LT,EQ,2344944,1410174,60.14
20,1232,L&TFH,EQ,24492750,15525119,63.39
20,1233,L&TFINANCE,NC,10,10,100.00
20,1234,L&TFINANCE,NE,10,10,100.00
20,1235,L&TFINANCE,NG,40,40,100.00
20,1236,L&TFINANCE,NI,52,52,100.00
20,1237,L&TFINANCE,NQ,27,27,100.00
20,1238,L&TFINANCE,NW,214,212,99.07
20,1239,L&TFINANCE,Y5,110,100,90.91
20,1240,L&TFINANCE,Y7,7,7,100.00
20,1241,LTGILTBEES,EQ,159181,148542,93.32
20,1242,LTIM,EQ,156817,67312,42.92
20,1243,LTTS,EQ,137494,61961,45.06
20,1244,LUMAXIND,EQ,85265,23309,27.34
20,1245,LUMAXTECH,EQ,921199,223886,24.30
20,1246,LUPIN,EQ,1487359,395382,26.58
20,1247,LUXIND,EQ,45394,27431,60.43
20,1248,LXCHEM,EQ,324421,179747,55.41
20,1249,LYKALABS,EQ,553840,291326,52.60
20,1250,LYPSAGEMS,EQ,22452,10457,46.57
20,1251,MAANALU,EQ,621925,353464,56.83
20,1252,MACPOWER,EQ,66951,37925,56.65
20,1253,MADHAV,EQ,14153,11055,78.11
20,1254,MADHAVBAUG,SM,4000,3200,80.00
20,1255,MADHUCON,EQ,43370,34954,80.59
20,1256,MADRASFERT,EQ,612316,180422,29.47
20,1257,MAESGETF,EQ,14154,12645,89.34
20,1258,MAFANG,EQ,803569,711268,88.51
20,1259,MAFSETF,EQ,131986,92069,69.76
20,1260,MAGADSUGAR,EQ,23677,12167,51.39
20,1261,MAGNUM,EQ,43120,43120,100.00
20,1262,MAGOLDETF,EQ,1693,1635,96.57
20,1263,MAGS813ETF,EQ,55,39,70.91
20,1264,MAHABANK,EQ,15523942,6668584,42.96
20,1265,MAHAPEXLTD,EQ,4075,3398,83.39
20,1266,MAHASTEEL,EQ,7948,4419,55.60
20,1267,MAHEPC,EQ,76257,39617,51.95
20,1268,MAHESHWARI,EQ,14472,8547,59.06
20,1269,MAHICKRA,SM,3000,3000,100.00
20,1270,MAHINDCIE,EQ,747005,327187,43.80
20,1271,MAHKTECH,EQ,210662,159435,75.68
20,1272,MAHLIFE,EQ,586195,218703,37.31
20,1273,MAHLOG,EQ,96172,65033,67.62
20,1274,MAHSCOOTER,EQ,3199,2264,70.77
20,1275,MAHSEAMLES,EQ,1045832,567258,54.24
20,1276,MAITHANALL,EQ,26201,15535,59.29
20,1277,MAKS,SM,6000,6000,100.00
20,1278,MALLCOM,EQ,13812,10675,77.29
20,1279,MALUPAPER,EQ,17258,11545,66.90
20,1280,MAM150ETF,EQ,200462,171661,85.63
20,1281,MAMFGETF,EQ,23619,22117,93.64
20,1282,MAN50ETF,EQ,2379,1557,65.45
20,1283,MANAKALUCO,EQ,881462,471929,53.54
20,1284,MANAKCOAT,EQ,155140,89870,57.93
20,1285,MANAKSIA,EQ,859309,461062,53.65
20,1286,MANAKSTEEL,EQ,62984,46636,74.04
20,1287,MANALIPETC,EQ,258233,159579,61.80
20,1288,MANAPPURAM,EQ,16277489,7164093,44.01
20,1289,MANGALAM,EQ,38735,11559,29.84
20,1290,MANGCHEFER,EQ,213183,147163,69.03
20,1291,MANGLMCEM,EQ,82232,45621,55.48
20,1292,MANINDS,EQ,371056,139835,37.69
20,1293,MANINFRA,EQ,2693109,1417422,52.63
20,1294,MANKIND,EQ,612827,319160,52.08
20,1295,MANORG,EQ,5459,3088,56.57
20,1296,MANUGRAPH,EQ,149815,72596,48.46
20,1297,MANV30F,EQ,1308,1217,93.04
20,1298,MANXT50,EQ,703,501,71.27
20,1299,MANYAVAR,EQ,106786,76804,71.92
20,1300,MAPMYINDIA,EQ,214464,159638,74.44
20,1301,MARALOVER,EQ,10682,6807,63.72
20,1302,MARATHON,EQ,174835,67164,38.42
20,1303,MARICO,EQ,599951,315862,52.65
20,1304,MARINE,EQ,485562,305915,63.00
20,1305,MARKSANS,EQ,11336792,3722199,32.83
20,1306,MARSHALL,EQ,429823,249092,57.95
20,1307,MARUTI,EQ,434649,200150,46.05
20,1308,MASFIN,EQ,35204,24560,69.76
20,1309,MASPTOP50,EQ,353108,343164,97.18
20,1310,MASTEK,EQ,124686,50839,40.77
20,1311,MATRIMONY,EQ,119439,65960,55.22
20,1312,MAWANASUG,EQ,143709,83078,57.81
20,1313,MAXHEALTH,EQ,2212840,1457196,65.85
20,1314,MAXIND,EQ,72611,40362,55.59
20,1315,MAXVIL,EQ,545108,229849,42.17
20,1316,MAYURUNIQ,EQ,81777,49961,61.09
20,1317,MAZDA,EQ,66388,32562,49.05
20,1318,MAZDOCK,EQ,23317935,2433058,10.43
20,1319,MBAPL,EQ,16221,12749,78.60
20,1320,MCDOWELL-N,EQ,439560,211081,48.02
20,1321,MCL,EQ,14662,11786,80.38
20,1322,MCLEODRUSS,EQ,198425,159912,80.59
20,1323,MCON,SM,27000,27000,100.00
20,1324,MCX,EQ,287787,164381,57.12
20,1325,MEDANTA,EQ,466812,202326,43.34
20,1326,MEDICAMEQ,EQ,9444,4484,47.48
20,1327,MEDICO,EQ,175213,36039,20.57
20,1328,MEDPLUS,EQ,99381,38400,38.64
20,1329,MEGAFLEX,SM,6000,6000,100.00
20,1330,MEGASOFT,EQ,82756,46589,56.30
20,1331,MEGASTAR,EQ,159705,72088,45.14
20,1332,MENONBE,EQ,424694,181271,42.68
20,1333,MEP,EQ,464007,282422,60.87
20,1334,METROBRAND,EQ,118559,43207,36.44
20,1335,METROPOLIS,EQ,143907,72612,50.46
20,1336,MFL,EQ,105342,50086,47.55
20,1337,MFSL,EQ,481437,271009,56.29
20,1338,MGL,EQ,239476,70926,29.62
20,1339,MHHL,SM,15000,15000,100.00
20,1340,MHLXMIRU,EQ,41836,23873,57.06
20,1341,MHRIL,EQ,652794,358055,54.85
20,1342,MID150BEES,EQ,200758,113951,56.76
20,1343,MIDHANI,EQ,1501967,517706,34.47
20,1344,MINDACORP,EQ,2005945,991992,49.45
20,1345,MINDPOOL,SM,2000,2000,100.00
20,1346,MINDSPACE,RR,650959,636268,97.74
20,1347,MINDTECK,EQ,138546,72788,52.54
20,1348,MIRCELECTR,EQ,194723,122378,62.85
20,1349,MITCON,EQ,14071,9043,64.27
20,1350,MITTAL,EQ,11192,10605,94.76
20,1351,MKPL,SM,150,150,100.00
20,1352,M&M,EQ,5105293,2369214,46.41
20,1353,M&MFIN,EQ,5712184,3606923,63.14
20,1354,M&MFIN,N1,3,3,100.00
20,1355,M&MFIN,N2,125,125,100.00
20,1356,MMFL,EQ,27311,13868,50.78
20,1357,MMP,EQ,10842,5916,54.57
20,1358,MMTC,EQ,1351380,490004,36.26
20,1359,MODISONLTD,EQ,37675,22707,60.27
20,1360,MOGSEC,EQ,51012,40184,78.77
20,1361,MOHEALTH,EQ,1184,439,37.08
20,1362,MOHITIND,EQ,11062,6349,57.39
20,1363,MOIL,EQ,137495,82336,59.88
20,1364,MOKSH,EQ,72465,52148,71.96
20,1365,MOL,EQ,1522116,741589,48.72
20,1366,MOLDTECH,EQ,99831,64657,64.77
20,1367,MOLDTKPAC,EQ,43755,22004,50.29
20,1368,MOLOWVOL,EQ,2800,2321,82.89
20,1369,MOM100,EQ,281844,228319,81.01
20,1370,MOM50,EQ,2052,1534,74.76
20,1371,MOMENTUM,EQ,5371,3141,58.48
20,1372,MOMOMENTUM,EQ,47257,30545,64.64
20,1373,MON100,EQ,458557,331889,72.38
20,1374,MONARCH,EQ,40856,11800,28.88
20,1375,MONQ50,EQ,55025,38440,69.86
20,1376,MONTECARLO,EQ,82071,25105,30.59
20,1377,MORARJEE,EQ,27718,21239,76.63
20,1378,MOREPENLAB,EQ,4318861,1646767,38.13
20,1379,MOS,SM,174400,78400,44.95
20,1380,MOTHERSON,EQ,7355413,3914909,53.22
20,1381,MOTILALOFS,EQ,51031,29404,57.62
20,1382,MOTOGENFIN,EQ,2021,1849,91.49
20,1383,MOVALUE,EQ,183,175,95.63
20,1384,MOXSH,SM,800,800,100.00
20,1385,MPHASIS,EQ,575415,308935,53.69
20,1386,MPSLTD,EQ,20756,10430,50.25
20,1387,MRF,EQ,3003,1118,37.23
20,1388,MRO-TEK,EQ,65224,18269,28.01
20,1389,MRPL,EQ,6400374,2087085,32.61
20,1390,MSPL,EQ,140745,95831,68.09
20,1391,MSTCLTD,EQ,133891,68084,50.85
20,1392,MSUMI,EQ,5511266,3605258,65.42
20,1393,MTARTECH,EQ,1439257,573921,39.88
20,1394,MTNL,EQ,702301,368755,52.51
20,1395,MUKANDLTD,EQ,129717,88998,68.61
20,1396,MUKTAARTS,EQ,9680,5431,56.11
20,1397,MUNJALAU,EQ,129474,61434,47.45
20,1398,MUNJALSHOW,EQ,191270,150173,78.51
20,1399,MURUDCERA,EQ,562322,347636,61.82
20,1400,MUTHOOTCAP,EQ,129887,89101,68.60
20,1401,MUTHOOTFIN,EQ,241937,134481,55.59
20,1402,NACLIND,EQ,141424,100952,71.38
20,1403,NAGAFERT,EQ,1245045,1077564,86.55
20,1404,NAGREEKCAP,EQ,18513,11574,62.52
20,1405,NAGREEKEXP,EQ,152352,77326,50.75
20,1406,NAHARCAP,EQ,5771,3660,63.42
20,1407,NAHARINDUS,EQ,36597,24875,67.97
20,1408,NAHARPOLY,EQ,41627,22435,53.90
20,1409,NAHARSPING,EQ,43194,26922,62.33
20,1410,NAM-INDIA,EQ,306774,135748,44.25
20,1411,NARMADA,EQ,14206,10250,72.15
20,1412,NATCOPHARM,EQ,552968,278388,50.34
20,1413,NATHBIOGEN,EQ,76519,43956,57.44
20,1414,NATIONALUM,EQ,4803136,2043020,42.54
20,1415,NAUKRI,EQ,652777,290851,44.56
20,1416,NAVA,EQ,4769441,1350477,28.32
20,1417,NAVIFIN,N1,438,438,100.00
20,1418,NAVIFIN,N2,901,900,99.89
20,1419,NAVIFIN,N3,300,300,100.00
20,1420,NAVINFLUOR,EQ,98067,51546,52.56
20,1421,NAVKARCORP,EQ,453499,256849,56.64
20,1422,NAVNETEDUL,EQ,284121,172739,60.80
20,1423,NAZARA,EQ,89602,35973,40.15
20,1424,NBCC,EQ,7868700,3963887,50.38
20,1425,NBIFIN,EQ,212,151,71.23
20,1426,NCC,EQ,4714398,2168247,45.99
20,1427,NCLIND,EQ,80697,45436,56.30
20,1428,NDL,EQ,213845,177284,82.90
20,1429,NDLVENTURE,EQ,3588,2742,76.42
20,1430,NDRAUTO,EQ,30169,17475,57.92
20,1431,NDTV,EQ,354508,210706,59.44
20,1432,NECCLTD,EQ,176985,130822,73.92
20,1433,NECLIFE,EQ,156154,91765,58.77
20,1434,NELCAST,EQ,230249,115118,50.00
20,1435,NELCO,EQ,155457,63888,41.10
20,1436,NEOGEN,EQ,24494,10048,41.02
20,1437,NESCO,EQ,49924,29432,58.95
20,1438,NESTLEIND,EQ,81509,54650,67.05
20,1439,NETF,EQ,1779,1097,61.66
20,1440,NETWORK18,EQ,1964731,727898,37.05
20,1441,NEULANDLAB,EQ,24168,12001,49.66
20,1442,NEWGEN,EQ,311772,113045,36.26
20,1443,NEXTMEDIA,EQ,21725,21708,99.92
20,1444,NFL,EQ,3990575,1128453,28.28
20,1445,NGIL,EQ,14597,14100,96.60
20,1446,NGLFINE,EQ,3080,1942,63.05
20,1447,NH,EQ,259430,113130,43.61
20,1448,NHAI,N2,186,186,100.00
20,1449,NHAI,N6,1058,956,90.36
20,1450,NHAI,N8,31,31,100.00
20,1451,NHAI,N9,29,29,100.00
20,1452,NHAI,NA,761,405,53.22
20,1453,NHAI,NE,886,886,100.00
20,1454,NHBTF2014,N4,1,1,100.00
20,1455,NHBTF2014,N5,7,7,100.00
20,1456,NHBTF2014,N6,42,40,95.24
20,1457,NHBTF2023,N6,21,21,100.00
20,1458,NHIT,N1,5518,5518,100.00
20,1459,NHIT,N2,1789,1789,100.00
20,1460,NHIT,N3,2059,1521,73.87
20,1461,NHPC,EQ,15793306,8483525,53.72
20,1462,NIACL,EQ,376570,181383,48.17
20,1463,NIBL,EQ,13724,12032,87.67
20,1464,NIDAN,SM,8000,6000,75.00
20,1465,NIF100BEES,EQ,21902,18368,83.86
20,1466,NIFTYBEES,EQ,1707187,1268105,74.28
20,1467,NIFTYQLITY,EQ,14334,7247,50.56
20,1468,NIITLTD,EQ,431500,206238,47.80
20,1469,NILAINFRA,EQ,395079,210639,53.32
20,1470,NILASPACES,EQ,113088,80142,70.87
20,1471,NILKAMAL,EQ,8612,4047,46.99
20,1472,NINSYS,EQ,4760,3937,82.71
20,1473,NIPPOBATRY,EQ,2326,1265,54.39
20,1474,NIRAJ,EQ,11204,7370,65.78
20,1475,NIRMAN,SM,110400,91200,82.61
20,1476,NITCO,EQ,47543,28062,59.02
20,1477,NITINSPIN,EQ,199429,106520,53.41
20,1478,NITIRAJ,EQ,2565,1093,42.61
20,1479,NKIND,EQ,181,163,90.06
20,1480,NLCINDIA,EQ,9406014,3647364,38.78
20,1481,NMDC,EQ,7096659,3754946,52.91
20,1482,NOCIL,EQ,513642,286095,55.70
20,1483,NOIDATOLL,EQ,70278,52716,75.01
20,1484,NORBTEAEXP,EQ,3490,2901,83.12
20,1485,NOVARTIND,EQ,26816,15393,57.40
20,1486,NPBET,EQ,8013,8003,99.88
20,1487,NPST,SM,7600,6000,78.95
20,1488,NRAIL,EQ,29749,22497,75.62
20,1489,NRBBEARING,EQ,748462,361168,48.25
20,1490,NRL,EQ,107307,66306,61.79
20,1491,NSIL,EQ,1468,806,54.90
20,1492,NSLNISP,EQ,4413628,3041717,68.92
20,1493,NTPC,EQ,12239684,7759583,63.40
20,1494,NTPC,N2,5,5,100.00
20,1495,NTPC,N5,1,1,100.00
20,1496,NTPC,N7,59192,56678,95.75
20,1497,NUCLEUS,EQ,261354,78091,29.88
20,1498,NURECA,EQ,686652,108773,15.84
20,1499,NUVOCO,EQ,287140,128017,44.58
20,1500,NV20BEES,EQ,16234,9813,60.45
20,1501,NXST,RR,1928051,1876248,97.31
20,1502,NYKAA,EQ,19609128,6608433,33.70
20,1503,OAL,EQ,10673,4894,45.85
20,1504,OBCL,EQ,36360,25359,69.74
20,1505,OBEROIRLTY,EQ,457416,230668,50.43
20,1506,OCCL,EQ,11276,7643,67.78
20,1507,OFSS,EQ,58938,27754,47.09
20,1508,OIL,EQ,1673476,1114462,66.60
20,1509,OILCOUNTUB,EQ,135444,99697,73.61
20,1510,OLECTRA,EQ,3562803,786579,22.08
20,1511,OMAXE,EQ,144437,95267,65.96
20,1512,OMFURN,SM,4000,4000,100.00
20,1513,OMINFRAL,EQ,147640,100480,68.06
20,1514,ONELIFECAP,EQ,156913,107978,68.81
20,1515,ONEPOINT,EQ,609997,333498,54.67
20,1516,ONGC,EQ,11850547,6602877,55.72
20,1517,ONMOBILE,EQ,836119,239013,28.59
20,1518,ONWARDTEC,EQ,258338,59993,23.22
20,1519,OPTIEMUS,EQ,195154,115490,59.18
20,1520,ORBTEXP,EQ,21131,12708,60.14
20,1521,ORICONENT,EQ,227362,175474,77.18
20,1522,ORIENTABRA,EQ,40953,28617,69.88
20,1523,ORIENTALTL,EQ,50223,26676,53.12
20,1524,ORIENTBELL,EQ,6614,3797,57.41
20,1525,ORIENTCEM,EQ,1619588,1023642,63.20
20,1526,ORIENTELEC,EQ,132585,66237,49.96
20,1527,ORIENTHOT,EQ,687839,307381,44.69
20,1528,ORIENTLTD,EQ,3470,2520,72.62
20,1529,ORIENTPPR,EQ,851210,461381,54.20
20,1530,ORISSAMINE,EQ,2900,2030,70.00
20,1531,ORTINLAB,EQ,10880,7182,66.01
20,1532,OSIAHYPER,EQ,265154,76985,29.03
20,1533,OSWALAGRO,EQ,68833,39706,57.68
20,1534,OSWALGREEN,EQ,112992,92726,82.06
20,1535,OSWALSEEDS,EQ,25487,7999,31.38
20,1536,PAGEIND,EQ,48171,29233,60.69
20,1537,PAISALO,EQ,308378,201572,65.37
20,1538,PALASHSECU,EQ,2166,1533,70.78
20,1539,PALREDTEC,EQ,26475,20275,76.58
20,1540,PANACEABIO,EQ,163078,102820,63.05
20,1541,PANACHE,EQ,6987,6047,86.55
20,1542,PANAMAPET,EQ,145501,83174,57.16
20,1543,PANSARI,EQ,1635,1572,96.15
20,1544,PAR,EQ,24446,15565,63.67
20,1545,PARACABLES,EQ,639079,416822,65.22
20,1546,PARADEEP,EQ,832848,480938,57.75
20,1547,PARAGMILK,EQ,481278,189398,39.35
20,1548,PARAS,EQ,1829911,405751,22.17
20,1549,PARSVNATH,EQ,3069682,1787864,58.24
20,1550,PARTYCRUS,SM,72000,54000,75.00
20,1551,PASHUPATI,SM,1600,1600,100.00
20,1552,PASUPTAC,EQ,38206,27710,72.53
20,1553,PATINTLOG,EQ,318138,194533,61.15
20,1554,PATTECH,SM,24000,12000,50.00
20,1555,PAVNAIND,EQ,1895,1418,74.83
20,1556,PAYTM,EQ,3886959,2272001,58.45
20,1557,PCBL,EQ,1173187,587297,50.06
20,1558,PCHFL,N2,20,20,100.00
20,1559,PCHFL,N5,1790,900,50.28
20,1560,PCJEWELLER,EQ,828016,564926,68.23
20,1561,PDMJEPAPER,EQ,171056,109644,64.10
20,1562,PDSL,EQ,110331,74136,67.19
20,1563,PEARLPOLY,EQ,40818,31253,76.57
20,1564,PEL,EQ,991853,446564,45.02
20,1565,PENIND,EQ,1590259,786254,49.44
20,1566,PENINLAND,EQ,1963223,1460958,74.42
20,1567,PERFECT,SM,30000,18000,60.00
20,1568,PERSISTENT,EQ,106367,28569,26.86
20,1569,PETRONET,EQ,1672398,1195162,71.46
20,1570,PFC,EQ,15595565,6446172,41.33
20,1571,PFC,N3,598,580,96.99
20,1572,PFC,N5,117,117,100.00
20,1573,PFC,N6,23,23,100.00
20,1574,PFC,N8,893,891,99.78
20,1575,PFIZER,EQ,46434,15453,33.28
20,1576,PFOCUS,EQ,786468,490201,62.33
20,1577,PFS,EQ,2423150,1624725,67.05
20,1578,PGEL,EQ,24612,11586,47.07
20,1579,PGHH,EQ,8247,5158,62.54
20,1580,PGHL,EQ,11620,7845,67.51
20,1581,PGIL,EQ,101563,42752,42.09
20,1582,PGINVIT,IV,451021,415192,92.06
20,1583,PHANTOMFX,SM,54600,36600,67.03
20,1584,PHARMABEES,EQ,5715278,4820153,84.34
20,1585,PHOENIXLTD,EQ,309531,259978,83.99
20,1586,PIDILITIND,EQ,115456,59948,51.92
20,1587,PIGL,EQ,41321,36293,87.83
20,1588,PIIND,EQ,161528,83656,51.79
20,1589,PILANIINVS,EQ,3056,2314,75.72
20,1590,PILITA,EQ,432683,367067,84.84
20,1591,PIONEEREMB,EQ,13749,7462,54.27
20,1592,PITTIENG,EQ,537076,224119,41.73
20,1593,PIXTRANS,EQ,44243,25165,56.88
20,1594,PLASTIBLEN,EQ,15570,9294,59.69
20,1595,PNB,EQ,19034598,6527839,34.29
20,1596,PNBGILTS,EQ,272636,155751,57.13
20,1597,PNBHOUSING,EQ,809407,315507,38.98
20,1598,PNC,EQ,195320,64368,32.96
20,1599,PNCINFRA,EQ,487186,333643,68.48
20,1600,POCL,EQ,144041,50294,34.92
20,1601,PODDARHOUS,EQ,6757,4926,72.90
20,1602,PODDARMENT,EQ,8090,5582,69.00
20,1603,POKARNA,EQ,58019,40449,69.72
20,1604,POLICYBZR,EQ,2819384,2123409,75.31
20,1605,POLYCAB,EQ,389947,210149,53.89
20,1606,POLYMED,EQ,14330,7685,53.63
20,1607,POLYPLEX,EQ,117212,65799,56.14
20,1608,PONNIERODE,EQ,50244,22034,43.85
20,1609,POONAWALLA,EQ,656758,385385,58.68
20,1610,POWERGRID,EQ,20571227,17254948,83.88
20,1611,POWERINDIA,EQ,16055,7349,45.77
20,1612,POWERMECH,EQ,25518,12039,47.18
20,1613,PPAP,EQ,12630,9123,72.23
20,1614,PPL,EQ,67700,35974,53.14
20,1615,PPLPHARMA,EQ,26451783,10303350,38.95
20,1616,PRAENG,EQ,72846,47842,65.68
20,1617,PRAJIND,EQ,1277542,864396,67.66
20,1618,PRAKASH,EQ,584243,338786,57.99
20,1619,PRAKASHSTL,EQ,265613,176588,66.48
20,1620,PRAXIS,EQ,176303,131862,74.79
20,1621,PRECAM,EQ,994543,332803,33.46
20,1622,PRECISION,SM,14000,12000,85.71
20,1623,PRECOT,EQ,1759,1029,58.50
20,1624,PRECWIRE,EQ,320629,177389,55.33
20,1625,PREMEXPLN,EQ,11121,7958,71.56
20,1626,PREMIERPOL,EQ,41311,30592,74.05
20,1627,PRESSMN,EQ,291926,185481,63.54
20,1628,PRESTIGE,EQ,1404144,634973,45.22
20,1629,PRICOLLTD,EQ,2995286,1116240,37.27
20,1630,PRIMESECU,EQ,13715,10960,79.91
20,1631,PRINCEPIPE,EQ,152701,59244,38.80
20,1632,PRITI,EQ,128336,67820,52.85
20,1633,PRITIKA,SM,16000,12000,75.00
20,1634,PRITIKAUTO,EQ,245340,208562,85.01
20,1635,PRIVISCL,EQ,15640,10961,70.08
20,1636,PROLIFE,SM,9500,7500,78.95
20,1637,PROPEQUITY,SM,13200,10800,81.82
20,1638,PROV,ST,173280,173280,100.00
20,1639,PROZONINTU,EQ,513719,315413,61.40
20,1640,PRSMJOHNSN,EQ,112466,70436,62.63
20,1641,PRUDENT,EQ,23737,15108,63.65
20,1642,PSB,EQ,1479321,457975,30.96
20,1643,PSPPROJECT,EQ,356665,137437,38.53
20,1644,PSUBANKICI,EQ,6269,4051,64.62
20,1645,PSUBNKBEES,EQ,798411,473635,59.32
20,1646,PTC,EQ,1410744,833242,59.06
20,1647,PTL,EQ,42819,31040,72.49
20,1648,PULZ,SM,18000,18000,100.00
20,1649,PUNJABCHEM,EQ,14390,9091,63.18
20,1650,PURVA,EQ,175835,90519,51.48
20,1651,PVP,EQ,873435,450027,51.52
20,1652,PVRINOX,EQ,907532,450518,49.64
20,1653,QFIL,SM,12000,8000,66.67
20,1654,QGOLDHALF,EQ,33990,26075,76.71
20,1655,QMSMEDI,SM,32000,26000,81.25
20,1656,QNIFTY,EQ,1522,1416,93.04
20,1657,QUADPRO,SM,48000,36000,75.00
20,1658,QUESS,EQ,790947,297036,37.55
20,1659,QUICKHEAL,EQ,90948,53965,59.34
20,1660,QUICKTOUCH,SM,78000,52000,66.67
20,1661,RACE,EQ,165671,90160,54.42
20,1662,RADHIKAJWE,EQ,108051,77492,71.72
20,1663,RADIANTCMS,EQ,225300,143120,63.52
20,1664,RADICO,EQ,156579,63952,40.84
20,1665,RADIOCITY,EQ,234895,115938,49.36
20,1666,RADIOCITY,P1,22853,22853,100.00
20,1667,RAILTEL,EQ,677335,299941,44.28
20,1668,RAIN,EQ,4699334,1401716,29.83
20,1669,RAINBOW,EQ,128807,79925,62.05
20,1670,RAJESHEXPO,EQ,1176404,278392,23.66
20,1671,RAJMET,EQ,268884,162254,60.34
20,1672,RAJRATAN,EQ,45173,33998,75.26
20,1673,RAJSREESUG,EQ,64785,40093,61.89
20,1674,RAJTV,EQ,13925,9503,68.24
20,1675,RALLIS,EQ,384856,259910,67.53
20,1676,RAMANEWS,EQ,25800,13610,52.75
20,1677,RAMAPHO,EQ,78318,32549,41.56
20,1678,RAMASTEEL,EQ,5131441,1927113,37.56
20,1679,RAMCOCEM,EQ,150261,48096,32.01
20,1680,RAMCOIND,EQ,141705,80194,56.59
20,1681,RAMCOSYS,EQ,225169,82598,36.68
20,1682,RAMKY,EQ,76227,51322,67.33
20,1683,RAMRAT,EQ,130699,76431,58.48
20,1684,RANASUG,EQ,906219,479817,52.95
20,1685,RANEHOLDIN,EQ,12735,8845,69.45
20,1686,RATEGAIN,EQ,997329,362549,36.35
20,1687,RATNAMANI,EQ,32857,23899,72.74
20,1688,RAYMOND,EQ,115577,62487,54.07
20,1689,RBA,EQ,1527952,811081,53.08
20,1690,RBL,EQ,18560,12056,64.96
20,1691,RBLBANK,EQ,10269611,2121039,20.65
20,1692,RBMINFRA,SM,48000,30000,62.50
20,1693,RCF,EQ,4271499,1838656,43.04
20,1694,RECLTD,EQ,10772251,5179492,48.08
20,1695,RECLTD,N2,38,38,100.00
20,1696,RECLTD,N5,2,1,50.00
20,1697,RECLTD,N8,27,27,100.00
20,1698,RECLTD,NE,36,36,100.00
20,1699,RECLTD,NF,300,300,100.00
20,1700,RECLTD,NH,5,5,100.00
20,1701,REDINGTON,EQ,1226012,669043,54.57
20,1702,REFEX,EQ,187985,105464,56.10
20,1703,RELAXO,EQ,197850,96842,48.95
20,1704,RELCHEMQ,EQ,2498,1353,54.16
20,1705,RELIANCE,EQ,5034355,3413545,67.81
20,1706,RELIGARE,EQ,633707,431873,68.15
20,1707,RELINFRA,EQ,1402403,676068,48.21
20,1708,REMSONSIND,EQ,5888,4074,69.19
20,1709,REMUS,ST,2300,2300,100.00
20,1710,RENUKA,EQ,14774136,6447262,43.64
20,1711,REPCOHOME,EQ,812188,327858,40.37
20,1712,REPL,EQ,17763,10921,61.48
20,1713,REPRO,EQ,40586,25431,62.66
20,1714,RESPONIND,EQ,237021,20370,8.59
20,1715,REVATHI,EQ,12486,8074,64.66
20,1716,REXPIPES,SM,56000,48000,85.71
20,1717,RGL,EQ,72421,19740,27.26
20,1718,RHFL,EQ,641589,641589,100.00
20,1719,RHIM,EQ,177691,100723,56.68
20,1720,RHL,EQ,16236,8688,53.51
20,1721,RICOAUTO,EQ,4991084,2142092,42.92
20,1722,RIIL,EQ,322427,94131,29.19
20,1723,RILINFRA,SM,300,300,100.00
20,1724,RITCO,EQ,9476,6358,67.10
20,1725,RITES,EQ,244514,134307,54.93
20,1726,RITEZONE,SM,9600,9600,100.00
20,1727,RKEC,EQ,68792,46534,67.64
20,1728,RKFORGE,EQ,364413,161457,44.31
20,1729,RMDRIP,SM,8000,6000,75.00
20,1730,RML,EQ,68344,30780,45.04
20,1731,ROHLTD,EQ,238551,118712,49.76
20,1732,ROLEXRINGS,EQ,24426,13235,54.18
20,1733,ROLLT,EQ,235752,184588,78.30
20,1734,ROML,EQ,5800,4154,71.62
20,1735,ROSSARI,EQ,1887061,197587,10.47
20,1736,ROSSELLIND,EQ,120466,58094,48.22
20,1737,ROTO,EQ,84933,47077,55.43
20,1738,ROUTE,EQ,145802,56651,38.85
20,1739,RPGLIFE,EQ,29842,17177,57.56
20,1740,RPOWER,EQ,39998339,12731511,31.83
20,1741,RPPINFRA,EQ,1660379,813061,48.97
20,1742,RPPL,EQ,10250,5059,49.36
20,1743,RPSGVENT,EQ,23653,13602,57.51
20,1744,RSWM,EQ,156893,98849,63.00
20,1745,RSYSTEMS,EQ,1110760,472199,42.51
20,1746,RTNINDIA,EQ,967465,461838,47.74
20,1747,RTNPOWER,EQ,4594529,2803250,61.01
20,1748,RUBYMILLS,EQ,48958,17302,35.34
20,1749,RUCHIRA,EQ,148716,98961,66.54
20,1750,RUPA,EQ,105202,52618,50.02
20,1751,RUSHIL,EQ,151587,73842,48.71
20,1752,RUSTOMJEE,EQ,14900,10457,70.18
20,1753,RVHL,EQ,79229,39000,49.22
20,1754,RVNL,EQ,11124037,4296950,38.63
20,1755,SADBHAV,EQ,220227,159694,72.51
20,1756,SADBHIN,EQ,445920,381208,85.49
20,1757,SADHNANIQ,EQ,96414,52641,54.60
20,1758,SAFARI,EQ,30074,26564,88.33
20,1759,SAGARDEEP,EQ,26836,12397,46.20
20,1760,SAGCEM,EQ,175477,121423,69.20
20,1761,SAH,EQ,124735,74756,59.93
20,1762,SAHYADRI,EQ,3165,1654,52.26
20,1763,SAIL,EQ,11749146,6060663,51.58
20,1764,SAKAR,EQ,22102,12868,58.22
20,1765,SAKHTISUG,EQ,312092,176440,56.53
20,1766,SAKSOFT,EQ,221670,178882,80.70
20,1767,SAKUMA,EQ,924356,572984,61.99
20,1768,SALASAR,EQ,1139316,810389,71.13
20,1769,SALONA,EQ,2597,1557,59.95
20,1770,SALSTEEL,EQ,77401,47696,61.62
20,1771,SALZERELEC,EQ,177282,92371,52.10
20,1772,SAMBHAAV,EQ,15147,10713,70.73
20,1773,SANDESH,EQ,1710,1069,62.51
20,1774,SANDHAR,EQ,520739,294341,56.52
20,1775,SANGAMIND,EQ,17773,12290,69.15
20,1776,SANGHIIND,EQ,252161,183744,72.87
20,1777,SANGHVIMOV,EQ,344834,186663,54.13
20,1778,SANGINITA,EQ,23321,19078,81.81
20,1779,SANOFI,EQ,42539,19835,46.63
20,1780,SANSERA,EQ,170890,128205,75.02
20,1781,SAPPHIRE,EQ,42256,25016,59.20
20,1782,SARDAEN,EQ,31817,19231,60.44
20,1783,SAREGAMA,EQ,227593,154248,67.77
20,1784,SARLAPOLY,EQ,85906,55059,64.09
20,1785,SARVESHWAR,EQ,10602,6511,61.41
20,1786,SASKEN,EQ,20416,12372,60.60
20,1787,SASTASUNDR,EQ,25651,15654,61.03
20,1788,SATIA,EQ,225088,143416,63.72
20,1789,SATIN,EQ,399018,210346,52.72
20,1790,SATINDLTD,EQ,341713,223886,65.52
20,1791,SBC,EQ,956820,393112,41.09
20,1792,SBCL,EQ,380788,154793,40.65
20,1793,SBGLP,EQ,26432,11848,44.82
20,1794,SBICARD,EQ,946814,691050,72.99
20,1795,SBIETFCON,EQ,2354,1181,50.17
20,1796,SBIETFIT,EQ,9508,6175,64.95
20,1797,SBIETFPB,EQ,2988,2394,80.12
20,1798,SBIETFQLTY,EQ,1695,1212,71.50
20,1799,SBILIFE,EQ,1599077,1209878,75.66
20,1800,SBIN,EQ,12920507,6913408,53.51
20,1801,SCAPDVR,EQ,976537,630528,64.57
20,1802,SCHAEFFLER,EQ,99040,71122,71.81
20,1803,SCHAND,EQ,570086,162034,28.42
20,1804,SCHNEIDER,EQ,457770,309600,67.63
20,1805,SCI,EQ,6628777,1924894,29.04
20,1806,SCPL,EQ,44322,10679,24.09
20,1807,SDBL,EQ,1383684,577702,41.75
20,1808,SDL24BEES,EQ,9103,9102,99.99
20,1809,SDL26BEES,EQ,241,216,89.63
20,1810,SEAMECLTD,EQ,32788,10100,30.80
20,1811,SECURCRED,EQ,433105,364533,84.17
20,1812,SECURKLOUD,EQ,31201,16649,53.36
20,1813,SELAN,EQ,54870,27865,50.78
20,1814,SEPC,EQ,14001327,8896758,63.54
20,1815,SEPOWER,EQ,21917,15822,72.19
20,1816,SEQUENT,EQ,534486,231231,43.26
20,1817,SERVOTECH,EQ,193728,193724,100.00
20,1818,SESHAPAPER,EQ,130571,82088,62.87
20,1819,SETCO,EQ,317701,191652,60.32
20,1820,SETF10GILT,EQ,30000,29761,99.20
20,1821,SETFGOLD,EQ,793412,674475,85.01
20,1822,SETFNIF50,EQ,594533,557290,93.74
20,1823,SETFNIFBK,EQ,11520,7605,66.02
20,1824,SETFNN50,EQ,17308,7570,43.74
20,1825,SFL,EQ,14146,9551,67.52
20,1826,SGBAPR28I,GB,403,318,78.91
20,1827,SGBAUG24,GB,427,290,67.92
20,1828,SGBAUG27,GB,8,6,75.00
20,1829,SGBAUG28V,GB,3400,2411,70.91
20,1830,SGBAUG29V,GB,359,293,81.62
20,1831,SGBAUG30,GB,352,248,70.45
20,1832,SGBD29VIII,GB,344,289,84.01
20,1833,SGBDC27VII,GB,15,14,93.33
20,1834,SGBDE30III,GB,676,453,67.01
20,1835,SGBDEC25,GB,1,1,100.00
20,1836,SGBDEC26,GB,36,36,100.00
20,1837,SGBFEB24,GB,26,23,88.46
20,1838,SGBFEB27,GB,4,4,100.00
20,1839,SGBFEB28IX,GB,17,17,100.00
20,1840,SGBFEB29XI,GB,121,121,100.00
20,1841,SGBJ28VIII,GB,21,21,100.00
20,1842,SGBJAN26,GB,12,12,100.00
20,1843,SGBJAN29IX,GB,970,625,64.43
20,1844,SGBJAN29X,GB,243,207,85.19
20,1845,SGBJAN30IX,GB,276,222,80.43
20,1846,SGBJU29III,GB,242,201,83.06
20,1847,SGBJUL27,GB,38,38,100.00
20,1848,SGBJUL28IV,GB,403,270,67.00
20,1849,SGBJUL29IV,GB,339,326,96.17
20,1850,SGBJUN27,GB,5,5,100.00
20,1851,SGBJUN28,GB,100,91,91.00
20,1852,SGBJUN29II,GB,763,619,81.13
20,1853,SGBJUN30,GB,312,229,73.40
20,1854,SGBMAR24,GB,123,86,69.92
20,1855,SGBMAR25,GB,814,763,93.73
20,1856,SGBMAR28X,GB,328,325,99.09
20,1857,SGBMAR30X,GB,75,43,57.33
20,1858,SGBMAR31IV,GB,384,282,73.44
20,1859,SGBMAY25,GB,32,22,68.75
20,1860,SGBMAY26,GB,12,9,75.00
20,1861,SGBMAY28,GB,112,111,99.11
20,1862,SGBMAY29I,GB,926,852,92.01
20,1863,SGBMR29XII,GB,620,421,67.90
20,1864,SGBN28VIII,GB,370,367,99.19
20,1865,SGBNOV23,GB,21,21,100.00
20,1866,SGBNOV24,GB,353,251,71.10
20,1867,SGBNOV258,GB,1,1,100.00
20,1868,SGBNV29VII,GB,701,458,65.34
20,1869,SGBOC28VII,GB,81,54,66.67
20,1870,SGBOCT25,GB,22,21,95.45
20,1871,SGBOCT25V,GB,7,7,100.00
20,1872,SGBOCT27,GB,15,15,100.00
20,1873,SGBOCT27VI,GB,24,24,100.00
20,1874,SGBSEP24,GB,33,23,69.70
20,1875,SGBSEP27,GB,9,7,77.78
20,1876,SGBSEP28VI,GB,108,102,94.44
20,1877,SGBSEP29VI,GB,480,257,53.54
20,1878,SGIL,EQ,56658,40794,72.00
20,1879,SGL,EQ,51035,41019,80.37
20,1880,SHAHALLOYS,EQ,32120,23270,72.45
20,1881,SHAILY,EQ,4717,3353,71.08
20,1882,SHAKTIPUMP,EQ,107284,36000,33.56
20,1883,SHALBY,EQ,217791,105035,48.23
20,1884,SHALPAINTS,EQ,14434,8582,59.46
20,1885,SHANKARA,EQ,48742,22488,46.14
20,1886,SHANTI,EQ,20660,13081,63.32
20,1887,SHANTIGEAR,EQ,198140,55678,28.10
20,1888,SHARDACROP,EQ,244058,98992,40.56
20,1889,SHARDAMOTR,EQ,26287,12664,48.18
20,1890,SHAREINDIA,EQ,120975,54722,45.23
20,1891,SHAREINDIA,W1,1929,1761,91.29
20,1892,SHARIABEES,EQ,1065,703,66.01
20,1893,SHEMAROO,EQ,23943,17168,71.70
20,1894,SHERA,SM,74000,56000,75.68
20,1895,SHIGAN,SM,15000,10500,70.00
20,1896,SHILPAMED,EQ,536249,334999,62.47
20,1897,SHIVALIK,EQ,12709,7614,59.91
20,1898,SHIVAMAUTO,EQ,34270,22927,66.90
20,1899,SHIVATEX,EQ,9411,6766,71.89
20,1900,SHK,EQ,151987,103271,67.95
20,1901,SHOPERSTOP,EQ,46487,22844,49.14
20,1902,SHRADHA,EQ,15663,13437,85.79
20,1903,SHREDIGCEM,EQ,894471,638245,71.35
20,1904,SHREECEM,EQ,37650,14594,38.76
20,1905,SHREEPUSHK,EQ,143816,76830,53.42
20,1906,SHREERAMA,EQ,132354,109804,82.96
20,1907,SHRENIK,EQ,670408,615460,91.80
20,1908,SHREYANIND,EQ,150299,81812,54.43
20,1909,SHREYAS,EQ,112090,48527,43.29
20,1910,SHRIPISTON,EQ,2799,2029,72.49
20,1911,SHRIRAMFIN,EQ,502008,329885,65.71
20,1912,SHRIRAMFIN,YH,41,33,80.49
20,1913,SHRIRAMFIN,YI,62,62,100.00
20,1914,SHRIRAMFIN,YK,72,51,70.83
20,1915,SHRIRAMFIN,YL,119,119,100.00
20,1916,SHRIRAMFIN,YN,1064,1054,99.06
20,1917,SHRIRAMFIN,YO,259,259,100.00
20,1918,SHRIRAMFIN,YR,50,50,100.00
20,1919,SHRIRAMFIN,YS,44,44,100.00
20,1920,SHRIRAMFIN,YY,26,26,100.00
20,1921,SHRIRAMFIN,YZ,20,20,100.00
20,1922,SHRIRAMFIN,Z8,95,95,100.00
20,1923,SHRIRAMFIN,ZB,50,50,100.00
20,1924,SHRIRAMFIN,ZE,50,50,100.00
20,1925,SHRIRAMFIN,ZI,5,5,100.00
20,1926,SHRIRAMFIN,ZK,100,100,100.00
20,1927,SHRIRAMPPS,EQ,277398,182485,65.78
20,1928,SHUBHLAXMI,SM,32000,25000,78.13
20,1929,SHYAMCENT,EQ,132325,94454,71.38
20,1930,SHYAMMETL,EQ,205079,113724,55.45
20,1931,SHYAMTEL,EQ,508,508,100.00
20,1932,SIDDHIKA,SM,1000,1000,100.00
20,1933,SIEMENS,EQ,217131,117668,54.19
20,1934,SIGACHI,EQ,54112,33193,61.34
20,1935,SIGIND,EQ,87010,58328,67.04
20,1936,SIGMA,SM,21750,20250,93.10
20,1937,SIKKO,EQ,41501,27510,66.29
20,1938,SILGO,EQ,81088,48611,59.95
20,1939,SILINV,EQ,300,218,72.67
20,1940,SILLYMONKS,EQ,53723,43861,81.64
20,1941,SILVER,EQ,71108,59338,83.45
20,1942,SILVERBEES,EQ,720403,488271,67.78
20,1943,SILVERETF,EQ,4290,2875,67.02
20,1944,SILVERTUC,EQ,28264,4964,17.56
20,1945,SIMBHALS,EQ,58203,37524,64.47
20,1946,SIMPLEXINF,EQ,268226,158586,59.12
20,1947,SINTERCOM,EQ,22071,18372,83.24
20,1948,SIRCA,EQ,171262,105796,61.77
20,1949,SIS,EQ,27537,16818,61.07
20,1950,SITINET,EQ,2423043,1753123,72.35
20,1951,SIYSIL,EQ,77756,39140,50.34
20,1952,SJS,EQ,676598,245402,36.27
20,1953,SJVN,EQ,3585780,1614542,45.03
20,1954,SKFINDIA,EQ,11996,7231,60.28
20,1955,SKIPPER,EQ,116282,59191,50.90
20,1956,SKMEGGPROD,EQ,754915,398581,52.80
20,1957,SKP,SM,36000,25000,69.44
20,1958,SKYGOLD,EQ,916073,262731,28.68
20,1959,SMARTLINK,EQ,6884,4852,70.48
20,1960,SMCGLOBAL,EQ,17964,14175,78.91
20,1961,SMLISUZU,EQ,42731,21501,50.32
20,1962,SMLT,EQ,56041,39681,70.81
20,1963,SMSLIFE,EQ,39414,19447,49.34
20,1964,SMSPHARMA,EQ,46713,28034,60.01
20,1965,SNOWMAN,EQ,410769,299802,72.99
20,1966,SOBHA,EQ,747700,202504,27.08
20,1967,SOFTTECH,EQ,2341,1621,69.24
20,1968,SOLARA,EQ,56047,30543,54.50
20,1969,SOLARINDS,EQ,53086,32744,61.68
20,1970,SOLEX,SM,5600,4000,71.43
20,1971,SOMANYCERA,EQ,177724,71647,40.31
20,1972,SOMATEX,EQ,50768,47628,93.82
20,1973,SOMICONVEY,EQ,1146218,323958,28.26
20,1974,SONACOMS,EQ,1934956,1137389,58.78
20,1975,SONAMCLOCK,EQ,21289,9826,46.16
20,1976,SONATSOFTW,EQ,147251,56005,38.03
20,1977,SOTAC,SM,8400,7200,85.71
20,1978,SOTL,EQ,62554,42661,68.20
20,1979,SOUTHBANK,EQ,22555246,7900098,35.03
20,1980,SOUTHWEST,EQ,14088,1709,12.13
20,1981,SPAL,EQ,57435,46475,80.92
20,1982,SPANDANA,EQ,158646,61749,38.92
20,1983,SPARC,EQ,248698,76586,30.79
20,1984,SPCENET,EQ,1313468,1128003,85.88
20,1985,SPECIALITY,EQ,499152,302878,60.68
20,1986,SPECTRUM,SM,1000,1000,100.00
20,1987,SPENCERS,EQ,125710,82237,65.42
20,1988,SPIC,EQ,801218,389655,48.63
20,1989,SPLIL,EQ,51369,30146,58.69
20,1990,SPLPETRO,EQ,44932,33940,75.54
20,1991,SPORTKING,EQ,30245,18758,62.02
20,1992,SREEL,EQ,8145,5474,67.21
20,1993,SREIBNPNCD,NW,41,41,100.00
20,1994,SRF,EQ,270365,145897,53.96
20,1995,SRHHYPOLTD,EQ,623067,143025,22.95
20,1996,SRIVASAVI,SM,120000,90000,75.00
20,1997,SRPL,EQ,372291,253428,68.07
20,1998,SSWL,EQ,463505,300101,64.75
20,1999,STAR,EQ,153316,75677,49.36
20,2000,STARCEMENT,EQ,1087979,650694,59.81
20,2001,STARHEALTH,EQ,512427,380257,74.21
20,2002,STARPAPER,EQ,17317,10866,62.75
20,2003,STARTECK,EQ,1657,1266,76.40
20,2004,STCINDIA,EQ,41509,18140,43.70
20,2005,STEELCAS,EQ,12136,6989,57.59
20,2006,STEELCITY,EQ,53690,40100,74.69
20,2007,STEELXIND,EQ,3036909,2113266,69.59
20,2008,STEL,EQ,6396,5181,81.00
20,2009,STERTOOLS,EQ,416232,82100,19.72
20,2010,STLTECH,EQ,931685,438829,47.10
20,2011,STOVEKRAFT,EQ,167271,80606,48.19
20,2012,STYLAMIND,EQ,28542,12751,44.67
20,2013,STYRENIX,EQ,234765,122458,52.16
20,2014,SUBEXLTD,EQ,1442863,833525,57.77
20,2015,SUBROS,EQ,64770,36471,56.31
20,2016,SUDARSCHEM,EQ,382197,213264,55.80
20,2017,SUKHJITS,EQ,8774,5113,58.27
20,2018,SULA,EQ,502078,181427,36.14
20,2019,SUMICHEM,EQ,644136,389778,60.51
20,2020,SUMIT,EQ,22531,14476,64.25
20,2021,SUMMITSEC,EQ,5630,3441,61.12
20,2022,SUNCLAYLTD,EQ,8243,5003,60.69
20,2023,SUNDARAM,EQ,2083330,1209585,58.06
20,2024,SUNDARMFIN,EQ,117196,104825,89.44
20,2025,SUNDARMHLD,EQ,129026,96228,74.58
20,2026,SUNDRMBRAK,EQ,37785,21959,58.12
20,2027,SUNDRMFAST,EQ,163928,109223,66.63
20,2028,SUNFLAG,EQ,639297,269720,42.19
20,2029,SUNPHARMA,EQ,3629780,2798201,77.09
20,2030,SUNTECK,EQ,193259,121939,63.10
20,2031,SUNTV,EQ,998239,328586,32.92
20,2032,SUPERHOUSE,EQ,24015,11262,46.90
20,2033,SUPERSPIN,EQ,60063,52508,87.42
20,2034,SUPRAJIT,EQ,103969,74283,71.45
20,2035,SUPREMEIND,EQ,33149,19043,57.45
20,2036,SUPREMEINF,EQ,33203,24325,73.26
20,2037,SUPRIYA,EQ,93977,40354,42.94
20,2038,SURANASOL,EQ,28597,20854,72.92
20,2039,SURANAT&P,EQ,72493,49273,67.97
20,2040,SURANI,SM,14000,12000,85.71
20,2041,SURYALAXMI,EQ,19243,12011,62.42
20,2042,SURYAROSNI,EQ,220443,106205,48.18
20,2043,SURYODAY,EQ,2224599,978986,44.01
20,2044,SUTLEJTEX,EQ,209208,131201,62.71
20,2045,SUULD,EQ,843467,480323,56.95
20,2046,SUVEN,EQ,227327,142903,62.86
20,2047,SUVENPHAR,EQ,85141,55664,65.38
20,2048,SUVIDHAA,EQ,117664,105856,89.96
20,2049,SUZLON,EQ,272291792,72118315,26.49
20,2050,SVLL,EQ,1958,993,50.72
20,2051,SWANENERGY,EQ,211148,79568,37.68
20,2052,SWARAJ,SM,32000,32000,100.00
20,2053,SWARAJENG,EQ,16536,9356,56.58
20,2054,SWASTIK,SM,19200,12000,62.50
20,2055,SWELECTES,EQ,7207,4261,59.12
20,2056,SWSOLAR,EQ,1555156,1275888,82.04
20,2057,SYMPHONY,EQ,79998,58343,72.93
20,2058,SYNCOMF,EQ,2221285,1565187,70.46
20,2059,SYNGENE,EQ,409494,283279,69.18
20,2060,SYRMA,EQ,751548,284783,37.89
20,2061,SYSTANGO,SM,102400,70400,68.75
20,2062,TAINWALCHM,EQ,39509,23221,58.77
20,2063,TAJGVK,EQ,548621,165334,30.14
20,2064,TAKE,EQ,182254,111296,61.07
20,2065,TALBROAUTO,EQ,1051623,178648,16.99
20,2066,TANLA,EQ,404642,166762,41.21
20,2067,TAPIFRUIT,SM,13500,13500,100.00
20,2068,TARACHAND,SM,4000,2000,50.00
20,2069,TARC,EQ,1200168,746640,62.21
20,2070,TARMAT,EQ,30717,22591,73.55
20,2071,TARSONS,EQ,86694,55902,64.48
20,2072,TASTYBITE,EQ,2658,1323,49.77
20,2073,TATACAPHSG,N6,19,19,100.00
20,2074,TATACAPHSG,NA,91,91,100.00
20,2075,TATACHEM,EQ,5155439,1094967,21.24
20,2076,TATACOFFEE,EQ,654567,200321,30.60
20,2077,TATACOMM,EQ,439351,166224,37.83
20,2078,TATACONSUM,EQ,774985,411361,53.08
20,2079,TATAELXSI,EQ,131164,52013,39.65
20,2080,TATAINVEST,EQ,254249,69764,27.44
20,2081,TATAMETALI,EQ,66851,26544,39.71
20,2082,TATAMOTORS,EQ,15008325,5575903,37.15
20,2083,TATAMTRDVR,EQ,3890615,1790990,46.03
20,2084,TATAPOWER,EQ,8688870,4606953,53.02
20,2085,TATASTEEL,EQ,39642539,21289860,53.70
20,2086,TATASTLLP,EQ,42909,21075,49.12
20,2087,TATVA,EQ,10429,7268,69.69
20,2088,TBZ,EQ,218473,136845,62.64
20,2089,TCFSL,ND,808,798,98.76
20,2090,TCFSL,NJ,280,280,100.00
20,2091,TCI,EQ,30808,14497,47.06
20,2092,TCIEXP,EQ,22843,15444,67.61
20,2093,TCNSBRANDS,EQ,273983,217426,79.36
20,2094,TCPLPACK,EQ,17057,9695,56.84
20,2095,TCS,EQ,1861468,1423821,76.49
20,2096,TDPOWERSYS,EQ,861286,360513,41.86
20,2097,TEAMLEASE,EQ,17442,11063,63.43
20,2098,TECH,EQ,25263,21856,86.51
20,2099,TECHIN,EQ,6301,5973,94.79
20,2100,TECHM,EQ,1754521,1041130,59.34
20,2101,TECHNOE,EQ,208632,97002,46.49
20,2102,TEGA,EQ,226048,76332,33.77
20,2103,TEJASNET,EQ,238084,117663,49.42
20,2104,TEMBO,EQ,114116,42957,37.64
20,2105,TERASOFT,EQ,92278,61176,66.30
20,2106,TEXINFRA,EQ,20277,13877,68.44
20,2107,TEXMOPIPES,EQ,88057,58062,65.94
20,2108,TEXRAIL,EQ,4397590,2169171,49.33
20,2109,TFCILTD,EQ,160747,95985,59.71
20,2110,TFL,EQ,31510,26986,85.64
20,2111,THANGAMAYL,EQ,53334,21071,39.51
20,2112,THEJO,SM,2550,2250,88.24
20,2113,THEMISMED,EQ,4072,2247,55.18
20,2114,THERMAX,EQ,16572,8054,48.60
20,2115,THOMASCOOK,EQ,326437,223873,68.58
20,2116,THYROCARE,EQ,151507,96970,64.00
20,2117,TI,EQ,662261,351157,53.02
20,2118,TIDEWATER,EQ,72053,38205,53.02
20,2119,TIIL,EQ,68600,40631,59.23
20,2120,TIINDIA,EQ,144801,105782,73.05
20,2121,TIJARIA,EQ,27021,21563,79.80
20,2122,TIMESGTY,EQ,7834,6616,84.45
20,2123,TIMETECHNO,EQ,8474802,1982335,23.39
20,2124,TIMKEN,EQ,19697,9019,45.79
20,2125,TINPLATE,EQ,124921,76869,61.53
20,2126,TIPSFILMS,EQ,10946,7343,67.08
20,2127,TIPSINDLTD,EQ,216268,121289,56.08
20,2128,TIRUMALCHM,EQ,357857,254166,71.02
20,2129,TIRUPATI,SM,1000,1000,100.00
20,2130,TIRUPATIFL,EQ,493191,262364,53.20
20,2131,TITAN,EQ,724102,425189,58.72
20,2132,TMB,EQ,80814,48353,59.83
20,2133,TNIDETF,EQ,7880,4279,54.30
20,2134,TNPETRO,EQ,168630,92944,55.12
20,2135,TNPL,EQ,287614,201425,70.03
20,2136,TOKYOPLAST,EQ,76240,23516,30.84
20,2137,TORNTPHARM,EQ,208268,84301,40.48
20,2138,TORNTPOWER,EQ,1114451,335192,30.08
20,2139,TOTAL,EQ,98006,62077,63.34
20,2140,TOUCHWOOD,EQ,513,465,90.64
20,2141,TPLPLASTEH,EQ,218023,90137,41.34
20,2142,TRACXN,EQ,4035474,1226106,30.38
20,2143,TRANSWIND,SM,4000,4000,100.00
20,2144,TREEHOUSE,EQ,25818,17563,68.03
20,2145,TREJHARA,EQ,187516,143027,76.27
20,2146,TRENT,EQ,231024,113331,49.06
20,2147,TRF,EQ,38054,23132,60.79
20,2148,TRIDENT,EQ,30526979,7993690,26.19
20,2149,TRIGYN,EQ,180645,94221,52.16
20,2150,TRIL,EQ,1324711,724483,54.69
20,2151,TRITURBINE,EQ,470970,194375,41.27
20,2152,TRIVENI,EQ,422507,252614,59.79
20,2153,TTKHLTCARE,EQ,33210,19763,59.51
20,2154,TTKPRESTIG,EQ,219349,177816,81.07
20,2155,TTL,EQ,15320,8781,57.32
20,2156,TTML,EQ,2314493,1042111,45.03
20,2157,TV18BRDCST,EQ,15276033,6117882,40.05
20,2158,TVSELECT,EQ,59826,22471,37.56
20,2159,TVSMOTOR,EQ,551021,232257,42.15
20,2160,TVSSRICHAK,EQ,7558,4553,60.24
20,2161,TVTODAY,EQ,89394,49315,55.17
20,2162,TVVISION,EQ,602,602,100.00
20,2163,TWL,EQ,504459,310604,61.57
20,2164,UBL,EQ,172989,114674,66.29
20,2165,UCALFUEL,EQ,7608,5577,73.30
20,2166,UCL,SM,4000,4000,100.00
20,2167,UCOBANK,EQ,4537916,1848092,40.73
20,2168,UDAICEMENT,EQ,223519,147661,66.06
20,2169,UFLEX,EQ,135389,82927,61.25
20,2170,UFO,EQ,243148,142776,58.72
20,2171,UGARSUGAR,EQ,438438,192232,43.84
20,2172,UGROCAP,EQ,680889,244276,35.88
20,2173,UGROCAP,N1,504,276,54.76
20,2174,UGROCAP,N3,50,50,100.00
20,2175,UGROCAP,N4,92,92,100.00
20,2176,UGROCAP,N6,50,50,100.00
20,2177,UGROCAP,N7,158,153,96.84
20,2178,UJJIVAN,EQ,359290,213201,59.34
20,2179,UJJIVANSFB,EQ,7929528,2564550,32.34
20,2180,ULTRACEMCO,EQ,186015,116710,62.74
20,2181,UMA,SM,152000,136000,89.47
20,2182,UMAEXPORTS,EQ,41722,26419,63.32
20,2183,UMANGDAIRY,EQ,4550,4001,87.93
20,2184,UMESLTD,EQ,16057,15937,99.25
20,2185,UNICHEMLAB,EQ,51680,39162,75.78
20,2186,UNIDT,EQ,66519,43336,65.15
20,2187,UNIENTER,EQ,4531,3275,72.28
20,2188,UNIINFO,EQ,9275,7691,82.92
20,2189,UNIONBANK,EQ,3763231,1721775,45.75
20,2190,UNIPARTS,EQ,145052,84572,58.30
20,2191,UNITEDPOLY,EQ,3437,3437,100.00
20,2192,UNITEDTEA,EQ,5224,4524,86.60
20,2193,UNIVASTU,EQ,25983,18391,70.78
20,2194,UNIVCABLES,EQ,19196,13754,71.65
20,2195,UNIVPHOTO,EQ,2306,1311,56.85
20,2196,UNOMINDA,EQ,472523,261229,55.28
20,2197,UPL,EQ,1227013,774711,63.14
20,2198,URAVI,SM,21600,9600,44.44
20,2199,URJA,EQ,1986343,1294331,65.16
20,2200,USASEEDS,SM,900,600,66.67
20,2201,USHAMART,EQ,1112867,815641,73.29
20,2202,USK,EQ,145237,119136,82.03
20,2203,UTIAMC,EQ,109818,66803,60.83
20,2204,UTIBANKETF,EQ,48732,22396,45.96
20,2205,UTINEXT50,EQ,36325,28687,78.97
20,2206,UTINIFTETF,EQ,1943,1272,65.47
20,2207,UTISENSETF,EQ,1324,771,58.23
20,2208,UTISXN50,EQ,2428,1396,57.50
20,2209,UTTAMSUGAR,EQ,58348,31424,53.86
20,2210,UWCSL,SM,6000,6000,100.00
20,2211,V2RETAIL,EQ,86805,56095,64.62
20,2212,VADILALIND,EQ,16247,8387,51.62
20,2213,VAIBHAVGBL,EQ,100553,57109,56.79
20,2214,VAISHALI,EQ,66257,44237,66.77
20,2215,VAKRANGEE,EQ,25582813,7527227,29.42
20,2216,VALIANTORG,EQ,155429,35096,22.58
20,2217,VARDHACRLC,EQ,48800,31170,63.87
20,2218,VARDMNPOLY,EQ,81739,52364,64.06
20,2219,VARROC,EQ,78026,40023,51.29
20,2220,VASA,SM,44000,36000,81.82
20,2221,VASCONEQ,EQ,5157663,2534153,49.13
20,2222,VASWANI,EQ,80833,58936,72.91
20,2223,VBL,EQ,676308,340390,50.33
20,2224,VCL,EQ,246770,205766,83.38
20,2225,VEDL,EQ,6297485,2336287,37.10
20,2226,VEEKAYEM,SM,8000,8000,100.00
20,2227,VELS,SM,25200,25200,100.00
20,2228,VENKEYS,EQ,54742,22816,41.68
20,2229,VENUSPIPES,EQ,173654,93571,53.88
20,2230,VENUSREM,EQ,220005,144178,65.53
20,2231,VERANDA,EQ,99474,71931,72.31
20,2232,VERTEXPLUS,SM,3600,3600,100.00
20,2233,VERTOZ,EQ,432399,144485,33.41
20,2234,VESUVIUS,EQ,12791,6102,47.71
20,2235,VETO,EQ,77632,49729,64.06
20,2236,VGUARD,EQ,138061,89210,64.62
20,2237,VHL,EQ,567,312,55.03
20,2238,VIDHIING,EQ,13501,8320,61.63
20,2239,VIJAYA,EQ,3398025,3144137,92.53
20,2240,VIJIFIN,EQ,803064,603247,75.12
20,2241,VIKASECO,EQ,4599360,2741749,59.61
20,2242,VIKASLIFE,EQ,18977492,10452453,55.08
20,2243,VIMTALABS,EQ,18161,9566,52.67
20,2244,VINATIORGA,EQ,38504,24216,62.89
20,2245,VINDHYATEL,EQ,14957,8343,55.78
20,2246,VINEETLAB,EQ,17180,9389,54.65
20,2247,VINNY,EQ,823049,479137,58.21
20,2248,VINYLINDIA,EQ,115698,54015,46.69
20,2249,VIPCLOTHNG,EQ,383418,198881,51.87
20,2250,VIPIND,EQ,267373,222740,83.31
20,2251,VIPULLTD,EQ,20918,17345,82.92
20,2252,VIRINCHI,EQ,1900545,1012564,53.28
20,2253,VISAKAIND,EQ,174314,102099,58.57
20,2254,VISESHINFO,EQ,5256046,3607966,68.64
20,2255,VISHAL,EQ,241491,163989,67.91
20,2256,VISHNU,EQ,858261,431148,50.24
20,2257,VISHWARAJ,EQ,2896279,654187,22.59
20,2258,VITAL,SM,74400,56400,75.81
20,2259,VIVIANA,SM,20000,14000,70.00
20,2260,VIVIDHA,EQ,1079209,682376,63.23
20,2261,VIVO,SM,3200,3200,100.00
20,2262,VLSFINANCE,EQ,20882,13014,62.32
20,2263,VMARCIND,SM,87000,63000,72.41
20,2264,VMART,EQ,77861,68532,88.02
20,2265,VOLTAMP,EQ,45361,18071,39.84
20,2266,VOLTAS,EQ,356474,164219,46.07
20,2267,VRLLOG,EQ,130903,55157,42.14
20,2268,VSSL,EQ,49005,27434,55.98
20,2269,VSTIND,EQ,2416,1556,64.40
20,2270,VSTTILLERS,EQ,12070,6093,50.48
20,2271,VTL,EQ,797324,402063,50.43
20,2272,WABAG,EQ,1325817,524286,39.54
20,2273,WALCHANNAG,EQ,2443806,1225583,50.15
20,2274,WALPAR,SM,2000,2000,100.00
20,2275,WATERBASE,EQ,153336,58170,37.94
20,2276,WEALTH,EQ,1049,1000,95.33
20,2277,WEBELSOLAR,EQ,157365,119427,75.89
20,2278,WEIZMANIND,EQ,9154,4982,54.42
20,2279,WEL,EQ,2392,1297,54.22
20,2280,WELCORP,EQ,1846316,1180714,63.95
20,2281,WELENT,EQ,781678,462891,59.22
20,2282,WELINV,EQ,686,574,83.67
20,2283,WELSPUNIND,EQ,12950776,2556865,19.74
20,2284,WENDT,EQ,921,542,58.85
20,2285,WESTLIFE,EQ,465247,365291,78.52
20,2286,WEWIN,EQ,11877,7006,58.99
20,2287,WHEELS,EQ,10551,6774,64.20
20,2288,WHIRLPOOL,EQ,52943,22431,42.37
20,2289,WILLAMAGOR,EQ,8278,6132,74.08
20,2290,WINDLAS,EQ,39539,23920,60.50
20,2291,WINDMACHIN,EQ,1085781,630435,58.06
20,2292,WIPRO,EQ,3626430,1893147,52.20
20,2293,WOCKPHARMA,EQ,226988,128320,56.53
20,2294,WONDERLA,EQ,483443,158165,32.72
20,2295,WORTH,EQ,12223,8757,71.64
20,2296,WSTCSTPAPR,EQ,169933,99713,58.68
20,2297,XCHANGING,EQ,770739,385196,49.98
20,2298,XELPMOC,EQ,509485,226402,44.44
20,2299,XPROINDIA,EQ,20179,9856,48.84
20,2300,YAARI,EQ,2241190,974913,43.50
20,2301,YESBANK,EQ,39525286,19505636,49.35
20,2302,YUKEN,EQ,25234,13638,54.05
20,2303,ZEEL,EQ,15642875,4561543,29.16
20,2304,ZEELEARN,EQ,1943536,1590579,81.84
20,2305,ZEEMEDIA,EQ,2689074,1909986,71.03
20,2306,ZENITHEXPO,EQ,1591,1472,92.52
20,2307,ZENITHSTL,EQ,100213,72342,72.19
20,2308,ZENSARTECH,EQ,1960326,654074,33.37
20,2309,ZENTEC,EQ,3402196,915847,26.92
20,2310,ZFCVINDIA,EQ,28264,21965,77.71
20,2311,ZIMLAB,EQ,170509,136349,79.97
20,2312,ZODIAC,EQ,30332,21904,72.21
20,2313,ZODIACLOTH,EQ,68656,47824,69.66
20,2314,ZOMATO,EQ,84075166,27424954,32.62
20,2315,ZOTA,EQ,74752,48125,64.38
20,2316,ZUARI,EQ,395347,188358,47.64
20,2317,ZUARIIND,EQ,92410,43136,46.68
20,2318,ZYDUSLIFE,EQ,914296,395251,43.23
20,2319,ZYDUSWELL,EQ,32832,16686,50.82
