Security Wise Delivery Position - Compulsory Rolling Settlement
10,MTO,30052023,954498727,0002293
Trade Date <30-MAY-2023>,Settlement Type <N>
Record Type,Sr No,Name of Security,Quantity Traded,Deliverable Quantity(gross across client level),% of Deliverable Quantity to Traded Quantity
20,1,1018GS2026,GS,1950,1950,100.00
20,2,182D030823,TB,2500,2500,100.00
20,3,182D051023,TB,1000,1000,100.00
20,4,182D121023,TB,3000,3000,100.00
20,5,182D220623,TB,100,100,100.00
20,6,182D290923,TB,200,200,100.00
20,7,20MICRONS,EQ,116069,63538,54.74
20,8,21STCENMGM,EQ,5616,4418,78.67
20,9,360ONE,EQ,334526,269652,80.61
20,10,364D110424,TB,1200,1200,100.00
20,11,364D121023,TB,15400,15400,100.00
20,12,364D191023,TB,15400,15400,100.00
20,13,364D220623,TB,4000,2000,50.00
20,14,3IINFOLTD,EQ,274108,178364,65.07
20,15,3MINDIA,EQ,12792,3895,30.45
20,16,3PLAND,EQ,11256,6926,61.53
20,17,579GS2030,GS,150,100,66.67
20,18,5PAISA,EQ,90217,38366,42.53
20,19,618GS2024,GS,8,8,100.00
20,20,63MOONS,EQ,98222,66171,67.37
20,21,654GS2032,GS,18501,11001,59.46
20,22,667GS2035,GS,501,501,100.00
20,23,667GS2050,GS,2760,2760,100.00
20,24,669GS2024,GS,5357,4357,81.33
20,25,676GS2061,GS,2500,2500,100.00
20,26,689GS2025,GS,300,300,100.00
20,27,695GS2061,GS,5000,5000,100.00
20,28,699GS2051,GS,109,109,100.00
20,29,706GS2028,GS,6900,6800,98.55
20,30,710GS2029,GS,144712,144712,100.00
20,31,717GS2030,GS,11603,11601,99.98
20,32,719GS2060,GS,108,108,100.00
20,33,726GS2029,GS,100,100,100.00
20,34,726GS2032,GS,61109,55700,91.15
20,35,726GS2033,GS,200700,200000,99.65
20,36,727GS2026,GS,200,200,100.00
20,37,736GS2052,GS,8422,7422,88.13
20,38,738GS2027,GS,60667,60667,100.00
20,39,741GS2036,GS,7600,7600,100.00
20,40,74GS2062,GS,12,6,50.00
20,41,754GS2036,GS,274982,274582,99.85
20,42,75AP28,SG,500,500,100.00
20,43,824GS2033,GS,1000,1000,100.00
20,44,883GS2041,GS,16,16,100.00
20,45,897GS2030,GS,40,20,50.00
20,46,915GS2024,GS,750,750,100.00
20,47,91D030823,TB,200,200,100.00
20,48,91D060723,TB,100,100,100.00
20,49,91D080623,TB,100,100,100.00
20,50,91D130723,TB,100,100,100.00
20,51,91D150623,TB,24700,20100,81.38
20,52,92GS2030,GS,1714,1714,100.00
20,53,A2ZINFRA,EQ,2288623,1156307,50.52
20,54,AAATECH,EQ,70286,62307,88.65
20,55,AAKASH,EQ,199246,167189,83.91
20,56,AAREYDRUGS,EQ,34841,18207,52.26
20,57,AARON,EQ,28734,19740,68.70
20,58,AARTIDRUGS,EQ,64846,23254,35.86
20,59,AARTIIND,EQ,443308,206549,46.59
20,60,AARTIPHARM,EQ,98845,51924,52.53
20,61,AARTIPP,E1,258,236,91.47
20,62,AARTISURF,EQ,3051,2047,67.09
20,63,AARTISURF,P1,100,100,100.00
20,64,AARVEEDEN,EQ,2413,1446,59.93
20,65,AARVI,EQ,92739,41667,44.93
20,66,AAVAS,EQ,157105,105328,67.04
20,67,ABAN,EQ,85500,51859,60.65
20,68,ABB,EQ,179306,85726,47.81
20,69,ABBOTINDIA,EQ,6888,3584,52.03
20,70,ABCAPITAL,EQ,5661479,2402128,42.43
20,71,ABFRL,EQ,5270622,2476447,46.99
20,72,ABINFRA,SM,52000,48000,92.31
20,73,ABMINTLLTD,EQ,6298,4021,63.85
20,74,ABSLAMC,EQ,46402,28081,60.52
20,75,ABSLBANETF,EQ,8954,5376,60.04
20,76,ABSLLIQUID,EQ,100,100,100.00
20,77,ABSLNN50ET,EQ,4884,3415,69.92
20,78,ACC,EQ,345429,131103,37.95
20,79,ACCELYA,EQ,99175,28072,28.31
20,80,ACCURACY,EQ,872858,684538,78.42
20,81,ACE,EQ,318836,172168,54.00
20,82,ACI,EQ,186063,117875,63.35
20,83,ACL,EQ,2371,2371,100.00
20,84,ADANIENT,EQ,1736953,435183,25.05
20,85,ADANIGREEN,EQ,2694114,1840305,68.31
20,86,ADANIPORTS,EQ,4785799,1038815,21.71
20,87,ADANIPOWER,EQ,2767227,1460449,52.78
20,88,ADANITRANS,EQ,3543724,1815311,51.23
20,89,ADFFOODS,EQ,37846,19171,50.66
20,90,ADORWELD,EQ,100861,46761,46.36
20,91,ADROITINFO,EQ,40771,30730,75.37
20,92,ADSL,EQ,176409,100308,56.86
20,93,ADVANIHOTR,EQ,32499,19500,60.00
20,94,ADVENZYMES,EQ,60032,41938,69.86
20,95,AEGISCHEM,EQ,438845,186262,42.44
20,96,AETHER,EQ,14594,7044,48.27
20,97,AFFLE,EQ,224815,123334,54.86
20,98,AGARIND,EQ,19249,11391,59.18
20,99,AGARWALFT,SM,69000,48000,69.57
20,100,AGI,EQ,146738,73021,49.76
20,101,AGNI,SM,10000,10000,100.00
20,102,AGRITECH,EQ,4796,2800,58.38
20,103,AGROPHOS,EQ,39822,32594,81.85
20,104,AGSTRA,EQ,588857,224446,38.12
20,105,AGUL,SM,4000,4000,100.00
20,106,AHL,EQ,696352,85839,12.33
20,107,AHLADA,EQ,34588,29478,85.23
20,108,AHLEAST,EQ,5832,4450,76.30
20,109,AHLUCONT,EQ,183567,50281,27.39
20,110,AIAENG,EQ,409001,83386,20.39
20,111,AILIMITED,SM,6000,6000,100.00
20,112,AIRAN,EQ,72937,44646,61.21
20,113,AIROLAM,EQ,43519,26427,60.73
20,114,AIRTELPP,E1,123258,75026,60.87
20,115,AISL,SM,2400,2400,100.00
20,116,AJANTPHARM,EQ,23059,10551,45.76
20,117,AJMERA,EQ,60480,28096,46.46
20,118,AJOONI,EQ,420111,275489,65.58
20,119,AKASH,EQ,34875,23302,66.82
20,120,AKG,EQ,139562,83566,59.88
20,121,AKSHAR,EQ,1980,1137,57.42
20,122,AKSHARCHEM,EQ,10041,6880,68.52
20,123,AKSHOPTFBR,EQ,145100,93504,64.44
20,124,AKZOINDIA,EQ,9588,5284,55.11
20,125,ALANKIT,EQ,67128,37152,55.35
20,126,ALBERTDAVD,EQ,1755,1123,63.99
20,127,ALEMBICLTD,EQ,108055,74775,69.20
20,128,ALICON,EQ,13788,8621,62.53
20,129,ALKALI,EQ,15103,10012,66.29
20,130,ALKEM,EQ,144778,111680,77.14
20,131,ALKYLAMINE,EQ,26651,10062,37.75
20,132,ALLCARGO,EQ,173437,85450,49.27
20,133,ALLETEC,SM,41600,30400,73.08
20,134,ALLSEC,EQ,4343,2725,62.74
20,135,ALMONDZ,EQ,6685,4297,64.28
20,136,ALOKINDS,EQ,2371960,980338,41.33
20,137,ALPA,EQ,104105,53817,51.69
20,138,ALPHAGEO,EQ,14130,7997,56.60
20,139,AMARAJABAT,EQ,183550,81776,44.55
20,140,AMBER,EQ,198676,45078,22.69
20,141,AMBICAAGAR,EQ,35503,22620,63.71
20,142,AMBIKCO,EQ,11617,8219,70.75
20,143,AMBUJACEM,EQ,3733902,1516934,40.63
20,144,AMDIND,EQ,141656,95552,67.45
20,145,AMEYA,SM,16000,12000,75.00
20,146,AMIABLE,SM,3200,1600,50.00
20,147,AMIORG,EQ,86918,34949,40.21
20,148,AMJLAND,EQ,15208,10199,67.06
20,149,AMRUTANJAN,EQ,22758,13197,57.99
20,150,ANANDRATHI,EQ,13792,5116,37.09
20,151,ANANTRAJ,EQ,372101,219164,58.90
20,152,ANDHRAPAP,EQ,66264,38789,58.54
20,153,ANDHRSUGAR,EQ,191038,116720,61.10
20,154,ANDREWYU,EQ,109962,86436,78.61
20,155,ANGELONE,EQ,220561,90932,41.23
20,156,ANIKINDS,EQ,24070,14006,58.19
20,157,ANLON,SM,8400,8400,100.00
20,158,ANMOL,EQ,97716,43373,44.39
20,159,ANNAPURNA,SM,87000,63000,72.41
20,160,ANTGRAPHIC,EQ,348380,127119,36.49
20,161,ANUP,EQ,27097,14503,53.52
20,162,ANURAS,EQ,185998,103115,55.44
20,163,APARINDS,EQ,56634,36945,65.23
20,164,APCL,EQ,20956,14498,69.18
20,165,APCOTEXIND,EQ,28904,14349,49.64
20,166,APEX,EQ,85342,47161,55.26
20,167,APLAPOLLO,EQ,328991,196501,59.73
20,168,APLLTD,EQ,41024,20429,49.80
20,169,APOLLO,EQ,802066,574166,71.59
20,170,APOLLOHOSP,EQ,1298380,331368,25.52
20,171,APOLLOPIPE,EQ,47387,26800,56.56
20,172,APOLLOTYRE,EQ,1445958,501596,34.69
20,173,APOLSINHOT,EQ,2044,1616,79.06
20,174,APTECHT,EQ,3267771,573023,17.54
20,175,APTUS,EQ,548948,487610,88.83
20,176,ARCHIDPLY,EQ,34341,23612,68.76
20,177,ARCHIES,EQ,97633,65745,67.34
20,178,ARENTERP,EQ,1070,831,77.66
20,179,ARHAM,SM,18000,12000,66.67
20,180,ARIES,EQ,35733,20440,57.20
20,181,ARIHANTCAP,EQ,62223,50709,81.50
20,182,ARIHANTSUP,EQ,139255,53011,38.07
20,183,ARISTO,SM,1600,1600,100.00
20,184,ARMANFIN,EQ,10021,6458,64.44
20,185,AROGRANITE,EQ,11564,8954,77.43
20,186,ARROWGREEN,EQ,14080,14080,100.00
20,187,ARSHIYA,EQ,357269,254010,71.10
20,188,ARTEMISMED,EQ,117533,80201,68.24
20,189,ARTNIRMAN,EQ,2004,1016,50.70
20,190,ARVEE,EQ,875,603,68.91
20,191,ARVIND,EQ,566839,192178,33.90
20,192,ARVINDFASN,EQ,1166683,552966,47.40
20,193,ARVSMART,EQ,20310,13207,65.03
20,194,ASAHIINDIA,EQ,62674,38840,61.97
20,195,ASAHISONG,EQ,14177,11746,82.85
20,196,ASAL,EQ,13292,7092,53.36
20,197,ASALCBR,EQ,241563,73703,30.51
20,198,ASHAPURMIN,EQ,302135,124065,41.06
20,199,ASHIANA,EQ,54458,33002,60.60
20,200,ASHIMASYN,EQ,75807,53891,71.09
20,201,ASHOKA,EQ,2369076,1379625,58.23
20,202,ASHOKLEY,EQ,6579187,3983911,60.55
20,203,ASIANENE,EQ,130339,105832,81.20
20,204,ASIANHOTNR,EQ,2943,1968,66.87
20,205,ASIANPAINT,EQ,506026,287089,56.73
20,206,ASIANTILES,EQ,303335,163599,53.93
20,207,ASPINWALL,EQ,929,706,76.00
20,208,ASTEC,EQ,10994,3979,36.19
20,209,ASTERDM,EQ,245103,87893,35.86
20,210,ASTRAL,EQ,330644,188563,57.03
20,211,ASTRAMICRO,EQ,264019,104657,39.64
20,212,ASTRAZEN,EQ,9033,5977,66.17
20,213,ASTRON,EQ,130345,71713,55.02
20,214,ATALREAL,EQ,778639,439674,56.47
20,215,ATFL,EQ,15779,12014,76.14
20,216,ATGL,EQ,3638539,1892453,52.01
20,217,ATLANTA,EQ,26850,18487,68.85
20,218,ATUL,EQ,49761,11609,23.33
20,219,ATULAUTO,EQ,207230,74325,35.87
20,220,AUBANK,EQ,1145487,465596,40.65
20,221,AUROIMPEX,ST,99200,96000,96.77
20,222,AUROPHARMA,EQ,9346787,1464754,15.67
20,223,AURUM,EQ,37978,23925,63.00
20,224,AURUMPP,E1,10138,9516,93.86
20,225,AUSOMENT,EQ,2762,2324,84.14
20,226,AUTOAXLES,EQ,19832,14119,71.19
20,227,AUTOBEES,EQ,33483,19832,59.23
20,228,AUTOIND,EQ,26993,16133,59.77
20,229,AVADHSUGAR,EQ,35773,15216,42.53
20,230,AVALON,EQ,531357,252720,47.56
20,231,AVANTIFEED,EQ,448489,182005,40.58
20,232,AVG,EQ,26672,3073,11.52
20,233,AVONMORE,EQ,10639,7417,69.72
20,234,AVROIND,EQ,9399,3747,39.87
20,235,AVTNPL,EQ,151018,59231,39.22
20,236,AWHCL,EQ,66249,39404,59.48
20,237,AWL,EQ,1301678,729224,56.02
20,238,AXISBANK,EQ,7804403,3179529,40.74
20,239,AXISBNKETF,EQ,549,204,37.16
20,240,AXISBPSETF,EQ,12046,7920,65.75
20,241,AXISCADES,EQ,94397,63763,67.55
20,242,AXISCETF,EQ,1388,1369,98.63
20,243,AXISGOLD,EQ,146052,125375,85.84
20,244,AXISHCETF,EQ,13723,11908,86.77
20,245,AXISILVER,EQ,78520,75880,96.64
20,246,AXISNIFTY,EQ,2552,1652,64.73
20,247,AXISTECETF,EQ,662,393,59.37
20,248,AXITA,EQ,488280,461167,94.45
20,249,AXSENSEX,EQ,1994,1468,73.62
20,250,AYMSYNTEX,EQ,7403,4257,57.50
20,251,BAGFILMS,EQ,76493,65163,85.19
20,252,BAHETI,SM,27000,22500,83.33
20,253,BAIDFIN,EQ,84059,11937,14.20
20,254,BAJAJ-AUTO,EQ,229574,153882,67.03
20,255,BAJAJCON,EQ,2438055,1111037,45.57
20,256,BAJAJELEC,EQ,75117,38617,51.41
20,257,BAJAJFINSV,EQ,1506999,635363,42.16
20,258,BAJAJHCARE,EQ,46776,31367,67.06
20,259,BAJAJHIND,EQ,21098935,9714234,46.04
20,260,BAJAJHLDNG,EQ,74519,34467,46.25
20,261,BAJFINANCE,EQ,881923,416873,47.27
20,262,BALAJITELE,EQ,101983,71027,69.65
20,263,BALAMINES,EQ,59763,23392,39.14
20,264,BALAXI,EQ,25263,11560,45.76
20,265,BALKRISHNA,EQ,6541,4513,69.00
20,266,BALKRISIND,EQ,1030231,603401,58.57
20,267,BALMLAWRIE,EQ,378972,211949,55.93
20,268,BALPHARMA,EQ,23256,12362,53.16
20,269,BALRAMCHIN,EQ,429120,98499,22.95
20,270,BANARBEADS,EQ,853,670,78.55
20,271,BANARISUG,EQ,1530,571,37.32
20,272,BANCOINDIA,EQ,110092,59298,53.86
20,273,BANDHANBNK,EQ,5246130,1574331,30.01
20,274,BANG,EQ,343288,88496,25.78
20,275,BANKA,EQ,14848,7843,52.82
20,276,BANKBARODA,EQ,8962430,2844803,31.74
20,277,BANKBEES,EQ,269298,115727,42.97
20,278,BANKINDIA,EQ,2703655,919925,34.03
20,279,BANSWRAS,EQ,74339,44896,60.39
20,280,BARBEQUE,EQ,127164,68613,53.96
20,281,BASF,EQ,14353,6402,44.60
20,282,BASML,EQ,58545,42480,72.56
20,283,BATAINDIA,EQ,263320,102802,39.04
20,284,BAYERCROP,EQ,44843,36382,81.13
20,285,BBETF0432,EQ,1514,1448,95.64
20,286,BBL,EQ,13096,5609,42.83
20,287,BBOX,EQ,117571,77362,65.80
20,288,BBTC,EQ,36020,19222,53.36
20,289,BBTCL,EQ,1975,1152,58.33
20,290,BCG,EQ,37427980,16539620,44.19
20,291,BCLIND,EQ,128678,62393,48.49
20,292,BCONCEPTS,EQ,20490,12981,63.35
20,293,BDL,EQ,355062,124672,35.11
20,294,BEARDSELL,EQ,283799,154450,54.42
20,295,BECTORFOOD,EQ,1199975,393859,32.82
20,296,BEDMUTHA,EQ,9534,7969,83.59
20,297,BEL,EQ,7803617,3480734,44.60
20,298,BEML,EQ,76116,31078,40.83
20,299,BEPL,EQ,2381657,901405,37.85
20,300,BERGEPAINT,EQ,819842,406172,49.54
20,301,BESTAGRO,EQ,959229,332051,34.62
20,302,BETA,SM,2600,2600,100.00
20,303,BEWLTD,SM,10500,10000,95.24
20,304,BFINVEST,EQ,14133,6483,45.87
20,305,BFUTILITIE,EQ,239213,116989,48.91
20,306,BGRENERGY,EQ,131213,94231,71.82
20,307,BHAGCHEM,EQ,3254,2276,69.94
20,308,BHAGERIA,EQ,23653,11750,49.68
20,309,BHAGYANGR,EQ,30054,21261,70.74
20,310,BHANDARI,EQ,92648,69116,74.60
20,311,BHARATFORG,EQ,1542396,943289,61.16
20,312,BHARATGEAR,EQ,45058,27626,61.31
20,313,BHARATRAS,EQ,506,300,59.29
20,314,BHARATWIRE,EQ,2356501,935938,39.72
20,315,BHARTIARTL,EQ,5148256,3572341,69.39
20,316,BHEL,EQ,21708061,3811377,17.56
20,317,BIGBLOC,EQ,101577,54700,53.85
20,318,BIKAJI,EQ,164169,89319,54.41
20,319,BIL,EQ,11298,3754,33.23
20,320,BINANIIND,EQ,21187,14711,69.43
20,321,BIOCON,EQ,1529554,531794,34.77
20,322,BIOFILCHEM,EQ,104821,56876,54.26
20,323,BIRET,RR,25676,19665,76.59
20,324,BIRLACABLE,EQ,266237,101269,38.04
20,325,BIRLACORPN,EQ,901694,265081,29.40
20,326,BIRLAMONEY,EQ,35510,13294,37.44
20,327,BLAL,EQ,137818,55426,40.22
20,328,BLBLIMITED,EQ,145887,90687,62.16
20,329,BLISSGVS,EQ,58603,35947,61.34
20,330,BLKASHYAP,EQ,370608,230053,62.07
20,331,BLS,EQ,3263448,816077,25.01
20,332,BLUEDART,EQ,17088,9605,56.21
20,333,BLUESTARCO,EQ,391035,328771,84.08
20,334,BMETRICS,SM,18400,15200,82.61
20,335,BODALCHEM,EQ,619388,172313,27.82
20,336,BOHRAIND,EQ,415,405,97.59
20,337,BOMDYEING,EQ,480208,251429,52.36
20,338,BOROLTD,EQ,152675,64380,42.17
20,339,BORORENEW,EQ,341652,109059,31.92
20,340,BOSCHLTD,EQ,23849,7680,32.20
20,341,BPCL,EQ,1361344,583409,42.86
20,342,BPL,EQ,100867,50524,50.09
20,343,BRIGADE,EQ,72217,31252,43.28
20,344,BRIGHT,SM,78000,60000,76.92
20,345,BRITANNIA,EQ,199772,116010,58.07
20,346,BRITANNIA,N3,3792,3768,99.37
20,347,BRNL,EQ,31094,20627,66.34
20,348,BROOKS,EQ,6301,3969,62.99
20,349,BSE,EQ,328356,162297,49.43
20,350,BSL,EQ,8441,3587,42.49
20,351,BSLGOLDETF,EQ,307527,302240,98.28
20,352,BSLNIFTY,EQ,62925,49159,78.12
20,353,BSLSENETFG,EQ,2396,1513,63.15
20,354,BSOFT,EQ,2186123,1021879,46.74
20,355,BTML,EQ,116526,99496,85.39
20,356,BURNPUR,EQ,109971,74847,68.06
20,357,BUTTERFLY,EQ,5728,2334,40.75
20,358,BVCL,EQ,26380,15875,60.18
20,359,BYKE,EQ,24113,17990,74.61
20,360,CAMLINFINE,EQ,230278,132996,57.75
20,361,CAMPUS,EQ,1858003,1014970,54.63
20,362,CAMS,EQ,27634,16389,59.31
20,363,CANBK,EQ,3248773,964755,29.70
20,364,CANFINHOME,EQ,342247,113675,33.21
20,365,CANTABIL,EQ,14511,6492,44.74
20,366,CAPACITE,EQ,529723,237045,44.75
20,367,CAPLIPOINT,EQ,79577,42530,53.45
20,368,CAPTRUST,EQ,8441,4688,55.54
20,369,CARBORUNIV,EQ,80546,55782,69.25
20,370,CAREERP,EQ,473915,175657,37.07
20,371,CARERATING,EQ,81205,46876,57.73
20,372,CARTRADE,EQ,30696,16322,53.17
20,373,CARYSIL,EQ,54199,26624,49.12
20,374,CASTROLIND,EQ,354476,216165,60.98
20,375,CCHHL,EQ,186021,138597,74.51
20,376,CCL,EQ,92859,57020,61.40
20,377,CDSL,EQ,307688,235794,76.63
20,378,CEATLTD,EQ,458592,130678,28.50
20,379,CELEBRITY,EQ,28787,24335,84.53
20,380,CENTENKA,EQ,44297,33535,75.70
20,381,CENTEXT,EQ,117325,70830,60.37
20,382,CENTRALBK,EQ,2927396,1054574,36.02
20,383,CENTRUM,EQ,96192,75365,78.35
20,384,CENTUM,EQ,449142,110747,24.66
20,385,CENTURYPLY,EQ,42957,22497,52.37
20,386,CENTURYTEX,EQ,40859,20295,49.67
20,387,CERA,EQ,8511,4186,49.18
20,388,CEREBRAINT,EQ,716337,532206,74.30
20,389,CESC,EQ,1367745,911032,66.61
20,390,CGCL,EQ,212747,29538,13.88
20,391,CGPOWER,EQ,3152139,2214518,70.25
20,392,CHALET,EQ,82582,37844,45.83
20,393,CHAMBLFERT,EQ,2025736,802319,39.61
20,394,CHEMBOND,EQ,108812,56004,51.47
20,395,CHEMCON,EQ,39653,21576,54.41
20,396,CHEMFAB,EQ,27409,16538,60.34
20,397,CHEMPLASTS,EQ,75128,21874,29.12
20,398,CHENNPETRO,EQ,1287979,302642,23.50
20,399,CHEVIOT,EQ,1415,938,66.29
20,400,CHOICEIN,EQ,1117095,127080,11.38
20,401,CHOLAFIN,EQ,1051231,564590,53.71
20,402,CHOLAFIN,N0,4,4,100.00
20,403,CHOLAFIN,N2,170,170,100.00
20,404,CHOLAFIN,N5,19,19,100.00
20,405,CHOLAHLDNG,EQ,20010,13046,65.20
20,406,CIGNITITEC,EQ,89311,58005,64.95
20,407,CINELINE,EQ,351560,94216,26.80
20,408,CINEVISTA,EQ,78606,59126,75.22
20,409,CIPLA,EQ,1337311,881065,65.88
20,410,CLEAN,EQ,116333,55618,47.81
20,411,CLEDUCATE,EQ,38271,18970,49.57
20,412,CLOUD,SM,536000,273000,50.93
20,413,CLSEL,EQ,178338,100762,56.50
20,414,CMNL,SM,252000,198000,78.57
20,415,CMRSL,SM,800,800,100.00
20,416,CMSINFO,EQ,243355,125328,51.50
20,417,COALINDIA,EQ,4657906,1794677,38.53
20,418,COASTCORP,EQ,63499,37542,59.12
20,419,COASTPP1,E1,1275,1202,94.27
20,420,COCHINSHIP,EQ,513460,224761,43.77
20,421,COFFEEDAY,EQ,2183629,1069114,48.96
20,422,COFORGE,EQ,270720,164533,60.78
20,423,COLPAL,EQ,171987,99895,58.08
20,424,COMPINFO,EQ,145446,89839,61.77
20,425,COMPUSOFT,EQ,83649,61202,73.17
20,426,CONCOR,EQ,753031,492925,65.46
20,427,CONFIPET,EQ,929766,589705,63.43
20,428,CONSOFINVT,EQ,18139,13318,73.42
20,429,CONSUMBEES,EQ,22220,17591,79.17
20,430,CONTI,SM,9999,6666,66.67
20,431,CONTROLPR,EQ,235405,93733,39.82
20,432,COOLCAPS,SM,7250,3500,48.28
20,433,CORALFINAC,EQ,12050,9328,77.41
20,434,CORDSCABLE,EQ,153603,62509,40.70
20,435,COROMANDEL,EQ,263278,147516,56.03
20,436,COSMOFIRST,EQ,76853,48977,63.73
20,437,COUNCODOS,EQ,32490,22377,68.87
20,438,CPSEETF,EQ,697577,377976,54.18
20,439,CRAFTSMAN,EQ,13477,5310,39.40
20,440,CREATIVE,EQ,23946,19424,81.12
20,441,CREATIVEYE,EQ,1050,1050,100.00
20,442,CREDITACC,EQ,215683,167698,77.75
20,443,CREDITACC,N3,17,17,100.00
20,444,CREST,EQ,10969,7885,71.88
20,445,CRISIL,EQ,25509,16662,65.32
20,446,CROMPTON,EQ,2002695,1156667,57.76
20,447,CROWN,EQ,2813,1813,64.45
20,448,CSBBANK,EQ,102870,51512,50.07
20,449,CSLFINANCE,EQ,56482,32238,57.08
20,450,CTE,EQ,49806,27385,54.98
20,451,CUB,EQ,7264152,3339672,45.97
20,452,CUMMINSIND,EQ,559849,213250,38.09
20,453,CUPID,EQ,34355,20091,58.48
20,454,CYBERMEDIA,EQ,12401,9661,77.91
20,455,CYBERTECH,EQ,89985,43862,48.74
20,456,CYIENT,EQ,347776,195409,56.19
20,457,DAAWAT,EQ,603407,270514,44.83
20,458,DABUR,EQ,2023557,1451800,71.74
20,459,DALBHARAT,EQ,433037,137867,31.84
20,460,DALMIASUG,EQ,29777,17053,57.27
20,461,DAMODARIND,EQ,11664,5721,49.05
20,462,DANGEE,EQ,279052,238281,85.39
20,463,DATAMATICS,EQ,123690,48721,39.39
20,464,DATAPATTNS,EQ,427739,116978,27.35
20,465,DBCORP,EQ,148096,88231,59.58
20,466,DBL,EQ,7232963,2418666,33.44
20,467,DBOL,EQ,91038,46601,51.19
20,468,DBREALTY,EQ,3320296,1100296,33.14
20,469,DBSTOCKBRO,EQ,1820,1660,91.21
20,470,DCAL,EQ,537956,214792,39.93
20,471,DCBBANK,EQ,643551,242957,37.75
20,472,DCI,EQ,1646,1116,67.80
20,473,DCM,EQ,16333,8279,50.69
20,474,DCMFINSERV,EQ,11887,7947,66.85
20,475,DCMNVL,EQ,26052,15727,60.37
20,476,DCMSHRIRAM,EQ,23098,12725,55.09
20,477,DCMSRIND,EQ,114503,78122,68.23
20,478,DCW,EQ,415364,248482,59.82
20,479,DCXINDIA,EQ,211455,96541,45.66
20,480,DECCANCE,EQ,31699,24252,76.51
20,481,DEEPAKFERT,EQ,311377,178102,57.20
20,482,DEEPAKNTR,EQ,180598,52285,28.95
20,483,DEEPENR,EQ,59045,43587,73.82
20,484,DEEPINDS,EQ,382302,211328,55.28
20,485,DELHIVERY,EQ,1397902,1195641,85.53
20,486,DELPHIFX,EQ,3259,205,6.29
20,487,DELTACORP,EQ,3172859,981476,30.93
20,488,DELTAMAGNT,EQ,35507,15902,44.79
20,489,DEN,EQ,930092,367223,39.48
20,490,DENEERS,SM,8400,7200,85.71
20,491,DENORA,EQ,24935,13326,53.44
20,492,DESTINY,SM,6000,6000,100.00
20,493,DEVIT,EQ,543791,264613,48.66
20,494,DEVYANI,EQ,1137136,586917,51.61
20,495,DGCONTENT,EQ,18823,14127,75.05
20,496,DHAMPURSUG,EQ,68579,32707,47.69
20,497,DHANBANK,EQ,759631,451010,59.37
20,498,DHANI,EQ,2793258,1238452,44.34
20,499,DHANILOANS,N6,1,1,100.00
20,500,DHANILOANS,N7,20,20,100.00
20,501,DHANILOANS,N8,40,40,100.00
20,502,DHANILOANS,NG,13,12,92.31
20,503,DHANILOANS,NU,15,15,100.00
20,504,DHANILOANS,NV,64,64,100.00
20,505,DHANILOANS,NW,2,2,100.00
20,506,DHANILOANS,NX,21,21,100.00
20,507,DHANUKA,EQ,30516,17313,56.73
20,508,DHARMAJ,EQ,18998,12322,64.86
20,509,DHRUV,EQ,3198,1165,36.43
20,510,DHUNINV,EQ,4316,2027,46.96
20,511,DIAMONDYD,EQ,1808,1006,55.64
20,512,DICIND,EQ,2777,1701,61.25
20,513,DIGISPICE,EQ,37015,23844,64.42
20,514,DIL,EQ,2445059,1428692,58.43
20,515,DISHTV,EQ,3527827,1581045,44.82
20,516,DIVGIITTS,EQ,58951,22306,37.84
20,517,DIVISLAB,EQ,327381,107673,32.89
20,518,DIVOPPBEES,EQ,10743,7088,65.98
20,519,DIXON,EQ,332863,74629,22.42
20,520,DJML,EQ,6828,3653,53.50
20,521,DLF,EQ,3209364,1394100,43.44
20,522,DLINKINDIA,EQ,122442,52148,42.59
20,523,DMART,EQ,294224,208889,71.00
20,524,DMCC,EQ,17584,11374,64.68
20,525,DNAMEDIA,EQ,195818,147457,75.30
20,526,DODLA,EQ,24002,16362,68.17
20,527,DOLATALGO,EQ,129916,99412,76.52
20,528,DOLLAR,EQ,100672,56542,56.16
20,529,DOLLEX,SM,72000,64000,88.89
20,530,DONEAR,EQ,92980,32780,35.25
20,531,DPABHUSHAN,EQ,14330,13052,91.08
20,532,DPSCLTD,EQ,65511,39926,60.95
20,533,DPWIRES,EQ,296119,91645,30.95
20,534,DRCSYSTEMS,EQ,3683,2264,61.47
20,535,DREAMFOLKS,EQ,302947,103956,34.31
20,536,DREDGECORP,EQ,29718,14461,48.66
20,537,DRREDDY,EQ,273989,162687,59.38
20,538,DSPBANKETF,EQ,1422,682,47.96
20,539,DSPGOLDETF,EQ,3314,3248,98.01
20,540,DSPN50ETF,EQ,184,176,95.65
20,541,DSPNEWETF,EQ,1902,1541,81.02
20,542,DSPQ50ETF,EQ,1473,1111,75.42
20,543,DSPSILVETF,EQ,11437,5823,50.91
20,544,DSSL,EQ,4899,4899,100.00
20,545,DTIL,EQ,4314,2615,60.62
20,546,DUCOL,SM,35200,30400,86.36
20,547,DUCON,EQ,748827,472126,63.05
20,548,DUGLOBAL,SM,5625,5000,88.89
20,549,DVL,EQ,10191,7678,75.34
20,550,DWARKESH,EQ,396758,166440,41.95
20,551,DYCL,EQ,234123,96438,41.19
20,552,DYNAMATECH,EQ,20468,10813,52.83
20,553,DYNAMIC,SM,2000,2000,100.00
20,554,DYNPRO,EQ,159651,64509,40.41
20,555,E2E,EQ,21966,14638,66.64
20,556,EASEMYTRIP,EQ,2846311,1237589,43.48
20,557,EBBETF0425,EQ,22073,21645,98.06
20,558,EBBETF0430,EQ,21765,19001,87.30
20,559,EBBETF0431,EQ,5511,5250,95.26
20,560,EBBETF0433,EQ,4655,3784,81.29
20,561,ECLERX,EQ,187616,32819,17.49
20,562,ECLFINANCE,NG,119,119,100.00
20,563,ECLFINANCE,NH,961,936,97.40
20,564,ECLFINANCE,NI,90,90,100.00
20,565,ECLFINANCE,NJ,1479,1304,88.17
20,566,ECLFINANCE,NO,224,224,100.00
20,567,ECLFINANCE,NP,10,5,50.00
20,568,ECLFINANCE,NQ,100,100,100.00
20,569,ECLFINANCE,NR,3413,3133,91.80
20,570,ECLFINANCE,NS,107,107,100.00
20,571,EDELWEISS,EQ,5203636,2680426,51.51
20,572,EHFLNCD,N5,51,51,100.00
20,573,EHFLNCD,N6,210,210,100.00
20,574,EHFLNCD,N7,26,26,100.00
20,575,EICHERMOT,EQ,598100,429341,71.78
20,576,EIDPARRY,EQ,596491,155097,26.00
20,577,EIFFL,EQ,12055,11439,94.89
20,578,EIHAHOTELS,EQ,20281,11083,54.65
20,579,EIHOTEL,EQ,558458,257315,46.08
20,580,EKC,EQ,794293,473323,59.59
20,581,ELDEHSG,EQ,734,563,76.70
20,582,ELECON,EQ,715634,260551,36.41
20,583,ELECTCAST,EQ,2561797,1250760,48.82
20,584,ELECTHERM,EQ,929539,376191,40.47
20,585,ELGIEQUIP,EQ,340272,133094,39.11
20,586,ELGIRUBCO,EQ,87414,41412,47.37
20,587,ELIN,EQ,901156,342210,37.97
20,588,EMAMILTD,BO,92405,92405,100.00
20,589,EMAMILTD,EQ,326569,176190,53.95
20,590,EMAMIPAP,EQ,29423,18181,61.79
20,591,EMAMIREAL,EQ,70122,23930,34.13
20,592,EMBASSY,RR,252667,233243,92.31
20,593,EMIL,EQ,400573,272895,68.13
20,594,EMKAY,EQ,15704,11792,75.09
20,595,EMKAYTOOLS,SM,8400,6600,78.57
20,596,EMMBI,EQ,35882,28740,80.10
20,597,EMUDHRA,EQ,384854,265926,69.10
20,598,ENDURANCE,EQ,23250,10868,46.74
20,599,ENERGYDEV,EQ,18617,10826,58.15
20,600,ENGINERSIN,EQ,9112980,1653416,18.14
20,601,ENIL,EQ,15321,9802,63.98
20,602,EPL,EQ,364429,190656,52.32
20,603,EQUITASBNK,EQ,16819516,9204873,54.73
20,604,ERFLNCDI,N5,16,16,100.00
20,605,ERIS,EQ,28504,16992,59.61
20,606,EROSMEDIA,EQ,442730,345221,77.98
20,607,ESABINDIA,EQ,16243,6435,39.62
20,608,ESCORTS,EQ,145898,29787,20.42
20,609,ESSARSHPNG,EQ,468293,268702,57.38
20,610,ESSENTIA,EQ,2215828,2136890,96.44
20,611,ESTER,EQ,180455,97317,53.93
20,612,ETHOSLTD,EQ,42910,23946,55.81
20,613,EUROBOND,SM,12000,10000,83.33
20,614,EUROTEXIND,EQ,2210,2210,100.00
20,615,EVEREADY,EQ,246295,124405,50.51
20,616,EVERESTIND,EQ,4470,2643,59.13
20,617,EXCEL,EQ,4700885,2028112,43.14
20,618,EXCELINDUS,EQ,3808,2671,70.14
20,619,EXIDEIND,EQ,1049036,433900,41.36
20,620,EXPLEOSOL,EQ,13126,7246,55.20
20,621,EXXARO,EQ,82394,49112,59.61
20,622,FACT,EQ,134394,48894,36.38
20,623,FAIRCHEMOR,EQ,25536,16779,65.71
20,624,FAZE3Q,EQ,20982,12231,58.29
20,625,FCL,EQ,343286,119368,34.77
20,626,FCSSOFT,EQ,3383687,2503420,73.98
20,627,FDC,EQ,383517,246968,64.40
20,628,FEDERALBNK,EQ,8917811,5305665,59.50
20,629,FELIX,SM,8000,8000,100.00
20,630,FIBERWEB,EQ,30778,14205,46.15
20,631,FIEMIND,EQ,30126,16866,55.98
20,632,FILATEX,EQ,424855,241056,56.74
20,633,FINCABLES,EQ,705237,251228,35.62
20,634,FINEORG,EQ,22926,11692,51.00
20,635,FINOPB,EQ,30613,18408,60.13
20,636,FINPIPE,EQ,512605,274538,53.56
20,637,FIVESTAR,EQ,164205,114386,69.66
20,638,FLEXITUFF,EQ,7211,3435,47.64
20,639,FLUOROCHEM,EQ,49958,30049,60.15
20,640,FMGOETZE,EQ,37636,24866,66.07
20,641,FMNL,EQ,26628,13798,51.82
20,642,FOCE,SM,200,200,100.00
20,643,FOCUS,EQ,14292,9670,67.66
20,644,FOODSIN,EQ,638298,326294,51.12
20,645,FORCEMOT,EQ,549604,258076,46.96
20,646,FORTIS,EQ,1318116,1108327,84.08
20,647,FOSECOIND,EQ,6198,2215,35.74
20,648,FROG,SM,46000,29600,64.35
20,649,FSL,EQ,1035596,433932,41.90
20,650,FUSION,EQ,279335,152288,54.52
20,651,GABRIEL,EQ,453982,215670,47.51
20,652,GAEL,EQ,192698,106430,55.23
20,653,GAIL,EQ,7204247,5021919,69.71
20,654,GAL,EQ,149216,112601,75.46
20,655,GALAXYSURF,EQ,12068,6987,57.90
20,656,GALLANTT,EQ,79844,43378,54.33
20,657,GANDHITUBE,EQ,6054,3731,61.63
20,658,GANECOS,EQ,36237,15650,43.19
20,659,GANESHBE,EQ,91258,60516,66.31
20,660,GANESHHOUC,EQ,6296,3657,58.08
20,661,GANGAFORGE,EQ,171045,139893,81.79
20,662,GANGESSECU,EQ,2993,2781,92.92
20,663,GARFIBRES,EQ,17214,8468,49.19
20,664,GATEWAY,EQ,364389,231651,63.57
20,665,GATI,EQ,194486,91338,46.96
20,666,GEECEE,EQ,3624,1633,45.06
20,667,GEEKAYWIRE,EQ,154989,112709,72.72
20,668,GENCON,EQ,286138,150277,52.52
20,669,GENESYS,EQ,25709,17613,68.51
20,670,GENUSPAPER,EQ,86202,59779,69.35
20,671,GENUSPOWER,EQ,709422,414398,58.41
20,672,GEOJITFSL,EQ,113380,65397,57.68
20,673,GEPIL,EQ,64697,30739,47.51
20,674,GESHIP,EQ,183276,92882,50.68
20,675,GFLLIMITED,EQ,145881,105008,71.98
20,676,GHCL,EQ,151593,111119,73.30
20,677,GICHSGFIN,EQ,250108,98793,39.50
20,678,GICRE,EQ,796838,267363,33.55
20,679,GILLANDERS,EQ,29586,11751,39.72
20,680,GILLETTE,EQ,10650,7477,70.21
20,681,GILT5YBEES,EQ,145815,124356,85.28
20,682,GINNIFILA,EQ,34477,23750,68.89
20,683,GIPCL,EQ,869688,391940,45.07
20,684,GIRIRAJ,SM,103800,103800,100.00
20,685,GKWLIMITED,EQ,207,158,76.33
20,686,GLAND,EQ,493509,310358,62.89
20,687,GLAXO,EQ,141683,128895,90.97
20,688,GLENMARK,EQ,695866,398711,57.30
20,689,GLFL,EQ,287,287,100.00
20,690,GLOBAL,EQ,188462,105408,55.93
20,691,GLOBALVECT,EQ,13498,11228,83.18
20,692,GLOBE,EQ,470352,240041,51.03
20,693,GLOBUSSPR,EQ,199587,68212,34.18
20,694,GLS,EQ,95587,56376,58.98
20,695,GMBREW,EQ,33439,22903,68.49
20,696,GMDCLTD,EQ,1151180,615156,53.44
20,697,GMMPFAUDLR,EQ,71194,35474,49.83
20,698,GMRINFRA,EQ,19190583,9452911,49.26
20,699,GMRP&UI,EQ,141940,101666,71.63
20,700,GNA,EQ,64740,44598,68.89
20,701,GNFC,EQ,358518,131951,36.80
20,702,GOACARBON,EQ,48145,18674,38.79
20,703,GOCLCORP,EQ,19749,13679,69.26
20,704,GOCOLORS,EQ,32411,16641,51.34
20,705,GODFRYPHLP,EQ,43967,20783,47.27
20,706,GODHA,EQ,222269,222269,100.00
20,707,GODREJAGRO,EQ,28266,14989,53.03
20,708,GODREJCP,EQ,460823,349915,75.93
20,709,GODREJIND,EQ,184074,57220,31.09
20,710,GODREJPROP,EQ,365144,171675,47.02
20,711,GOKEX,EQ,362030,162793,44.97
20,712,GOKUL,EQ,49514,34174,69.02
20,713,GOKULAGRO,EQ,235646,116963,49.64
20,714,GOLDBEES,EQ,3304510,2250198,68.09
20,715,GOLDIAM,EQ,104633,64804,61.93
20,716,GOLDSHARE,EQ,183862,141277,76.84
20,717,GOLDSTAR,SM,18000,18000,100.00
20,718,GOLDTECH,EQ,161803,89713,55.45
20,719,GOODLUCK,EQ,2646721,720868,27.24
20,720,GOODYEAR,EQ,101523,40544,39.94
20,721,GOYALALUM,EQ,7682481,4981643,64.84
20,722,GPIL,EQ,143472,84054,58.59
20,723,GPPL,EQ,1042138,622946,59.78
20,724,GPTINFRA,EQ,143279,101547,70.87
20,725,GRANULES,EQ,904908,332258,36.72
20,726,GRAPHITE,EQ,336607,173282,51.48
20,727,GRASIM,EQ,454164,176231,38.80
20,728,GRAUWEIL,EQ,623636,270218,43.33
20,729,GRAVITA,EQ,566950,228869,40.37
20,730,GRCL,SM,8000,8000,100.00
20,731,GREAVESCOT,EQ,6204036,1891690,30.49
20,732,GREENLAM,EQ,146888,58978,40.15
20,733,GREENPANEL,EQ,347457,259533,74.69
20,734,GREENPLY,EQ,155335,83350,53.66
20,735,GREENPOWER,EQ,2049278,1200663,58.59
20,736,GRINDWELL,EQ,22806,13510,59.24
20,737,GRINFRA,EQ,76511,26395,34.50
20,738,GRMOVER,EQ,133313,104061,78.06
20,739,GROBTEA,EQ,119,76,63.87
20,740,GRPLTD,EQ,844,578,68.48
20,741,GRSE,EQ,233413,95669,40.99
20,742,GRWRHITECH,EQ,32426,18077,55.75
20,743,GSFC,EQ,1594085,754632,47.34
20,744,GSLSU,EQ,216435,48565,22.44
20,745,GSPL,EQ,1165032,427307,36.68
20,746,GSS,EQ,43342,31301,72.22
20,747,GSTL,SM,9000,5000,55.56
20,748,GTL,EQ,321496,247500,76.98
20,749,GTLINFRA,EQ,15630001,9051318,57.91
20,750,GTPL,EQ,23712,14266,60.16
20,751,GUFICBIO,EQ,180061,117311,65.15
20,752,GUJALKALI,EQ,66148,29767,45.00
20,753,GUJAPOLLO,EQ,4240,2555,60.26
20,754,GUJGASLTD,EQ,908927,515170,56.68
20,755,GULFOILLUB,EQ,33393,20892,62.56
20,756,GULFPETRO,EQ,59480,41968,70.56
20,757,GULPOLY,EQ,58547,34905,59.62
20,758,GVKPIL,EQ,1650053,1119438,67.84
20,759,HAL,EQ,2196743,1112551,50.65
20,760,HAPPSTMNDS,EQ,119999,66372,55.31
20,761,HARDWYN,EQ,56471,22288,39.47
20,762,HARIOMPIPE,EQ,80532,47613,59.12
20,763,HARRMALAYA,EQ,15655,9530,60.88
20,764,HARSHA,EQ,116720,47294,40.52
20,765,HATHWAY,EQ,1682055,694119,41.27
20,766,HATSUN,EQ,4283,2290,53.47
20,767,HAVELLS,EQ,408031,252126,61.79
20,768,HBANKETF,EQ,3464,2527,72.95
20,769,HBLPOWER,EQ,887564,391346,44.09
20,770,HBSL,EQ,3001,2019,67.28
20,771,HCC,EQ,23592535,6642540,28.16
20,772,HCG,EQ,161454,130150,80.61
20,773,HCL-INSYS,EQ,444136,212758,47.90
20,774,HCLTECH,EQ,1983735,1140731,57.50
20,775,HDFC,EQ,4054695,2292087,56.53
20,776,HDFC,W3,82800,58200,70.29
20,777,HDFCAMC,EQ,1393880,426555,30.60
20,778,HDFCBANK,EQ,18562964,3453800,18.61
20,779,HDFCBSE500,EQ,1265,1247,98.58
20,780,HDFCGROWTH,EQ,4252,3238,76.15
20,781,HDFCLIFE,EQ,2653926,1134477,42.75
20,782,HDFCLOWVOL,EQ,280,262,93.57
20,783,HDFCMFGETF,EQ,384303,301553,78.47
20,784,HDFCMID150,EQ,95,42,44.21
20,785,HDFCMOMENT,EQ,1304,819,62.81
20,786,HDFCNEXT50,EQ,2254,2039,90.46
20,787,HDFCNIF100,EQ,836,655,78.35
20,788,HDFCNIFETF,EQ,44191,31065,70.30
20,789,HDFCNIFIT,EQ,443,175,39.50
20,790,HDFCPVTBAN,EQ,3820,3818,99.95
20,791,HDFCQUAL,EQ,7879,7856,99.71
20,792,HDFCSENETF,EQ,14641,14291,97.61
20,793,HDFCSILVER,EQ,177430,114658,64.62
20,794,HDFCSML250,EQ,122916,102342,83.26
20,795,HDFCVALUE,EQ,2896,2364,81.63
20,796,HEADSUP,EQ,24719,11898,48.13
20,797,HEALTHY,EQ,54832,27271,49.74
20,798,HECPROJECT,EQ,2054,1400,68.16
20,799,HEG,EQ,89757,43939,48.95
20,800,HEIDELBERG,EQ,547172,268034,48.99
20,801,HEMIPROP,EQ,583052,265762,45.58
20,802,HERANBA,EQ,560042,73720,13.16
20,803,HERCULES,EQ,294043,101673,34.58
20,804,HERITGFOOD,EQ,959902,381730,39.77
20,805,HEROMOTOCO,EQ,399817,266204,66.58
20,806,HESTERBIO,EQ,2563,1700,66.33
20,807,HEUBACHIND,EQ,11009,5752,52.25
20,808,HEXATRADEX,EQ,1579,1400,88.66
20,809,HFCL,EQ,2216204,1090722,49.22
20,810,HGINFRA,EQ,76759,42399,55.24
20,811,HGS,EQ,18968,11734,61.86
20,812,HIKAL,EQ,7157851,982932,13.73
20,813,HIL,EQ,21952,10162,46.29
20,814,HILTON,EQ,246568,92585,37.55
20,815,HIMATSEIDE,EQ,547968,260067,47.46
20,816,HINDALCO,EQ,5596603,2307542,41.23
20,817,HINDCOMPOS,EQ,15530,11678,75.20
20,818,HINDCON,EQ,15562,10858,69.77
20,819,HINDCOPPER,EQ,10315826,4307305,41.75
20,820,HINDMOTORS,EQ,245499,154957,63.12
20,821,HINDOILEXP,EQ,564103,260500,46.18
20,822,HINDPETRO,EQ,1263049,680988,53.92
20,823,HINDUNILVR,EQ,948051,677594,71.47
20,824,HINDWAREAP,EQ,233970,80752,34.51
20,825,HINDZINC,EQ,370133,233803,63.17
20,826,HIRECT,EQ,394812,114627,29.03
20,827,HISARMETAL,EQ,52017,34147,65.65
20,828,HITECH,EQ,464708,261206,56.21
20,829,HITECHCORP,EQ,5785,3936,68.04
20,830,HITECHGEAR,EQ,9671,5896,60.97
20,831,HLEGLAS,EQ,296295,100687,33.98
20,832,HLVLTD,EQ,427767,300860,70.33
20,833,HMVL,EQ,375929,214905,57.17
20,834,HNDFDS,EQ,52710,35384,67.13
20,835,HNGSNGBEES,EQ,31252,27141,86.85
20,836,HOMEFIRST,EQ,455896,355808,78.05
20,837,HOMESFY,SM,4500,3900,86.67
20,838,HONAUT,EQ,2746,1088,39.62
20,839,HONDAPOWER,EQ,11520,4772,41.42
20,840,HOVS,EQ,8033,5704,71.01
20,841,HPAL,EQ,58500,32473,55.51
20,842,HPIL,EQ,11328,7307,64.50
20,843,HPL,EQ,321500,176762,54.98
20,844,HSCL,EQ,3510913,1060449,30.20
20,845,HTMEDIA,EQ,336152,230263,68.50
20,846,HUBTOWN,EQ,229657,145613,63.40
20,847,HUDCO,EQ,25585905,6489081,25.36
20,848,HUDCO,N2,5111,5011,98.04
20,849,HUDCO,N5,3275,2350,71.76
20,850,HUDCO,N8,175,175,100.00
20,851,HUDCO,N9,230,215,93.48
20,852,HUDCO,ND,210,210,100.00
20,853,HUDCO,NE,365,225,61.64
20,854,HUHTAMAKI,EQ,296345,162450,54.82
20,855,IBMFNIFTY,EQ,885,237,26.78
20,856,IBREALEST,EQ,6139901,2452634,39.95
20,857,IBUCCREDIT,NB,65,65,100.00
20,858,IBUCCREDIT,NO,13,13,100.00
20,859,IBUCCREDIT,NZ,50,50,100.00
20,860,IBULHSGFIN,EQ,7343120,2027219,27.61
20,861,IBULHSGFIN,N0,39,39,100.00
20,862,IBULHSGFIN,NE,20,20,100.00
20,863,IBULHSGFIN,NF,20,20,100.00
20,864,IBULHSGFIN,NH,25,25,100.00
20,865,IBULHSGFIN,NJ,11,11,100.00
20,866,IBULHSGFIN,NN,126,126,100.00
20,867,IBULHSGFIN,NQ,39,39,100.00
20,868,IBULHSGFIN,NT,1,1,100.00
20,869,IBULHSGFIN,YG,10,10,100.00
20,870,IBULHSGFIN,YN,28,28,100.00
20,871,IBULHSGFIN,YT,20,20,100.00
20,872,IBULHSGFIN,ZP,30,15,50.00
20,873,ICEMAKE,EQ,62378,49056,78.64
20,874,ICICI10GS,EQ,17,3,17.65
20,875,ICICI500,EQ,125748,90258,71.78
20,876,ICICI5GSEC,EQ,300,150,50.00
20,877,ICICIALPLV,EQ,3718,2212,59.49
20,878,ICICIAUTO,EQ,7473,5425,72.59
20,879,ICICIB22,EQ,194688,158085,81.20
20,880,ICICIBANK,EQ,18483624,5095077,27.57
20,881,ICICIBANKN,EQ,23886,14724,61.64
20,882,ICICIBANKP,EQ,4414,4176,94.61
20,883,ICICICOMMO,EQ,22867,16641,72.77
20,884,ICICICONSU,EQ,5395,3803,70.49
20,885,ICICIFIN,EQ,15139,11883,78.49
20,886,ICICIFMCG,EQ,5606,3843,68.55
20,887,ICICIGI,EQ,1360051,535436,39.37
20,888,ICICIGOLD,EQ,305270,210598,68.99
20,889,ICICIINFRA,EQ,2101,1049,49.93
20,890,ICICILIQ,EQ,160365,80593,50.26
20,891,ICICILOVOL,EQ,9172,4344,47.36
20,892,ICICIM150,EQ,10747,8645,80.44
20,893,ICICIMCAP,EQ,10683,7611,71.24
20,894,ICICIMOM30,EQ,13381,7647,57.15
20,895,ICICINF100,EQ,2150,1370,63.72
20,896,ICICINIFTY,EQ,144339,118731,82.26
20,897,ICICINV20,EQ,27644,22555,81.59
20,898,ICICINXT50,EQ,74991,41874,55.84
20,899,ICICIPHARM,EQ,3419,1915,56.01
20,900,ICICIPRULI,EQ,1779817,665344,37.38
20,901,ICICISENSX,EQ,1464,936,63.93
20,902,ICICISILVE,EQ,204663,172859,84.46
20,903,ICICITECH,EQ,1558921,1417377,90.92
20,904,ICIL,EQ,308451,114024,36.97
20,905,ICRA,EQ,11862,9674,81.55
20,906,IDBI,EQ,2917256,1249567,42.83
20,907,IDBIGOLD,EQ,159,133,83.65
20,908,IDEA,EQ,45601346,15778593,34.60
20,909,IDFC,EQ,7739108,2646665,34.20
20,910,IDFCFIRSTB,EQ,32919579,11768323,35.75
20,911,IEL,EQ,79437,54893,69.10
20,912,IEX,EQ,3549026,1318985,37.16
20,913,IFBAGRO,EQ,3220,1997,62.02
20,914,IFBIND,EQ,35455,21675,61.13
20,915,IFCI,EQ,2787490,1112304,39.90
20,916,IFCI,NH,131,131,100.00
20,917,IFGLEXPOR,EQ,46810,29995,64.08
20,918,IGARASHI,EQ,97830,47069,48.11
20,919,IGL,EQ,980873,700584,71.42
20,920,IGPL,EQ,18107,14094,77.84
20,921,IIFCL,N2,91,91,100.00
20,922,IIFCL,N4,85,85,100.00
20,923,IIFL,EQ,868725,576600,66.37
20,924,IIFL,NC,415,410,98.80
20,925,IIFL,NE,280,230,82.14
20,926,IIFL,NF,3667,3324,90.65
20,927,IIFL,NH,200,200,100.00
20,928,IIFL,NL,2619,2604,99.43
20,929,IIFL,NM,50,50,100.00
20,930,IIFL,NO,44,44,100.00
20,931,IIFL,NS,1154,1084,93.93
20,932,IIFL,NT,383,383,100.00
20,933,IIFLSEC,EQ,446472,306609,68.67
20,934,IIHFL,N4,880,780,88.64
20,935,IIHFL,N5,603,602,99.83
20,936,IIHFL,N9,70,70,100.00
20,937,IITL,EQ,115625,109146,94.40
20,938,IMAGICAA,EQ,325286,247846,76.19
20,939,IMC1,N0,32,22,68.75
20,940,IMC1,N1,40,40,100.00
20,941,IMC1,N2,65,65,100.00
20,942,IMC1,N3,209,149,71.29
20,943,IMFA,EQ,58001,39697,68.44
20,944,IMPAL,EQ,1800,1059,58.83
20,945,IMPEXFERRO,EQ,93796,62527,66.66
20,946,INCREDFIN,N4,10,10,100.00
20,947,INCREDFIN,N6,15,15,100.00
20,948,INCREDIBLE,EQ,45344,18857,41.59
20,949,INDBANK,EQ,50807,36450,71.74
20,950,INDHOTEL,EQ,2980523,1594198,53.49
20,951,INDIACEM,EQ,9554944,2091566,21.89
20,952,INDIAGLYCO,EQ,47694,19474,40.83
20,953,INDIAMART,EQ,33360,11512,34.51
20,954,INDIANB,EQ,2132958,1457250,68.32
20,955,INDIANCARD,EQ,6095,4184,68.65
20,956,INDIANHUME,EQ,41881,24985,59.66
20,957,INDIGO,EQ,1581691,616941,39.01
20,958,INDIGOPNTS,EQ,231964,74845,32.27
20,959,INDIGRID,IV,590878,531008,89.87
20,960,INDIGRID,ND,1,1,100.00
20,961,INDIGRID,NF,11,11,100.00
20,962,INDIGRID,NJ,1500,1500,100.00
20,963,INDIGRID,NL,20,20,100.00
20,964,INDNIPPON,EQ,13609,8770,64.44
20,965,INDOAMIN,EQ,605615,257037,42.44
20,966,INDOBORAX,EQ,42761,28547,66.76
20,967,INDOCO,EQ,52025,24284,46.68
20,968,INDORAMA,EQ,47653,25123,52.72
20,969,INDOTECH,EQ,249484,117442,47.07
20,970,INDOTHAI,EQ,3003,2102,70.00
20,971,INDOWIND,EQ,313360,235438,75.13
20,972,INDSWFTLAB,EQ,606500,286568,47.25
20,973,INDSWFTLTD,EQ,36300,20647,56.88
20,974,INDTERRAIN,EQ,77237,40038,51.84
20,975,INDUSINDBK,EQ,1818000,991609,54.54
20,976,INDUSTOWER,EQ,6076133,2664022,43.84
20,977,INFIBEAM,EQ,3167643,1571738,49.62
20,978,INFINIUM,SM,29000,26000,89.66
20,979,INFOBEAN,EQ,11842,7627,64.41
20,980,INFRABEES,EQ,2439,2011,82.45
20,981,INFY,EQ,6274719,3562594,56.78
20,982,INGERRAND,EQ,38439,7677,19.97
20,983,INNOVANA,SM,23600,18400,77.97
20,984,INNOVATIVE,ST,12000,12000,100.00
20,985,INOXGREEN,EQ,2475824,1499398,60.56
20,986,INOXWIND,EQ,9461659,2797897,29.57
20,987,INSECTICID,EQ,32383,22191,68.53
20,988,INSPIRISYS,EQ,22725,20558,90.46
20,989,INTELLECT,EQ,320856,98540,30.71
20,990,INTENTECH,EQ,82086,58065,70.74
20,991,INTLCONV,EQ,43984,29505,67.08
20,992,INVENTURE,EQ,1178411,731077,62.04
20,993,IOB,EQ,3459682,1081921,31.27
20,994,IOC,EQ,9269698,5370142,57.93
20,995,IOLCP,EQ,321461,112901,35.12
20,996,IONEXCHANG,EQ,37582,16951,45.10
20,997,IPCALAB,EQ,681693,454351,66.65
20,998,IPL,EQ,59956,36899,61.54
20,999,IPSL,SM,6000,6000,100.00
20,1000,IRB,EQ,9145546,2905003,31.76
20,1001,IRBINVIT,IV,345770,322227,93.19
20,1002,IRCON,EQ,18206483,6300333,34.60
20,1003,IRCTC,EQ,10121546,1751521,17.30
20,1004,IREDA,N6,58,58,100.00
20,1005,IRFC,EQ,30754089,10477147,34.07
20,1006,IRFC,N2,325,310,95.38
20,1007,IRFC,NA,1605,1523,94.89
20,1008,IRFC,NE,469,469,100.00
20,1009,IRFC,NG,1,1,100.00
20,1010,IRFC,NI,839,839,100.00
20,1011,IRFC,NJ,1,1,100.00
20,1012,IRFC,NK,100,100,100.00
20,1013,IRFC,NN,1,1,100.00
20,1014,IRFC,NO,205,205,100.00
20,1015,IRIS,EQ,10769,6569,61.00
20,1016,IRISDOREME,EQ,101710,65103,64.01
20,1017,ISEC,EQ,313192,167779,53.57
20,1018,ISFT,EQ,1151,563,48.91
20,1019,ISGEC,EQ,2710122,424160,15.65
20,1020,ISHAN,SM,4800,3200,66.67
20,1021,ISMTLTD,EQ,214312,122265,57.05
20,1022,ITBEES,EQ,3215006,2333437,72.58
20,1023,ITC,EQ,18900002,9602606,50.81
20,1024,ITDC,EQ,19500,8202,42.06
20,1025,ITDCEM,EQ,3220789,1500630,46.59
20,1026,ITI,EQ,411051,201335,48.98
20,1027,IVC,EQ,222919,156252,70.09
20,1028,IVZINGOLD,EQ,60,39,65.00
20,1029,IWEL,EQ,81425,28435,34.92
20,1030,IZMO,EQ,139021,79239,57.00
20,1031,JAGRAN,EQ,82640,60674,73.42
20,1032,JAGSNPHARM,EQ,39522,27487,69.55
20,1033,JAICORPLTD,EQ,1113857,286949,25.76
20,1034,JAINAM,SM,4000,4000,100.00
20,1035,JAIPURKURT,EQ,8076,2968,36.75
20,1036,JALAN,SM,105000,102000,97.14
20,1037,JAMNAAUTO,EQ,1194114,750329,62.84
20,1038,JASH,EQ,3021,2052,67.92
20,1039,JAYAGROGN,EQ,39951,22624,56.63
20,1040,JAYBARMARU,EQ,16654,9846,59.12
20,1041,JAYNECOIND,EQ,91733,70555,76.91
20,1042,JAYSREETEA,EQ,8578,6801,79.28
20,1043,JBCHEPHARM,EQ,45706,21264,46.52
20,1044,JBMA,EQ,110914,39663,35.76
20,1045,JCHAC,EQ,132322,119425,90.25
20,1046,JETFREIGHT,EQ,81270,62963,77.47
20,1047,JHS,EQ,94823,79289,83.62
20,1048,JINDALPHOT,EQ,21529,7638,35.48
20,1049,JINDALPOLY,EQ,56870,15699,27.61
20,1050,JINDALSAW,EQ,9240676,2056868,22.26
20,1051,JINDALSTEL,EQ,1953558,794293,40.66
20,1052,JINDRILL,EQ,91251,49942,54.73
20,1053,JINDWORLD,EQ,176232,66654,37.82
20,1054,JISLDVREQS,EQ,24892,14126,56.75
20,1055,JISLJALEQS,EQ,3212598,1405851,43.76
20,1056,J&KBANK,EQ,3204515,1038254,32.40
20,1057,JKCEMENT,EQ,509098,87706,17.23
20,1058,JKIL,EQ,172181,117446,68.21
20,1059,JKLAKSHMI,EQ,404401,164516,40.68
20,1060,JKPAPER,EQ,252664,107562,42.57
20,1061,JKTYRE,EQ,1211461,593659,49.00
20,1062,JMA,EQ,3173,2208,69.59
20,1063,JMFINANCIL,EQ,2509758,997659,39.75
20,1064,JOCIL,EQ,7118,5233,73.52
20,1065,JPASSOCIAT,EQ,4796532,2398939,50.01
20,1066,JPOLYINVST,EQ,6309,4074,64.57
20,1067,JPPOWER,EQ,28112017,14670881,52.19
20,1068,JSL,EQ,505915,356219,70.41
20,1069,JSLL,SM,36500,36500,100.00
20,1070,JSWENERGY,EQ,5852335,1617165,27.63
20,1071,JSWHL,EQ,998,441,44.19
20,1072,JSWISPL,EQ,607230,277741,45.74
20,1073,JSWSTEEL,EQ,3317461,1334365,40.22
20,1074,JTEKTINDIA,EQ,879976,311530,35.40
20,1075,JTLIND,EQ,113932,46549,40.86
20,1076,JUBLFOOD,EQ,1557057,642678,41.28
20,1077,JUBLINDS,EQ,23474,12882,54.88
20,1078,JUBLINGREA,EQ,164599,81045,49.24
20,1079,JUBLPHARMA,EQ,959414,268710,28.01
20,1080,JUNIORBEES,EQ,68857,40212,58.40
20,1081,JUSTDIAL,EQ,135432,54548,40.28
20,1082,JWL,EQ,2105206,1291061,61.33
20,1083,JYOTHYLAB,EQ,172661,94740,54.87
20,1084,KABRAEXTRU,EQ,145083,70771,48.78
20,1085,KAJARIACER,EQ,251845,144076,57.21
20,1086,KAKATCEM,EQ,2664,1383,51.91
20,1087,KALPATPOWR,EQ,4901592,2325756,47.45
20,1088,KALYANKJIL,EQ,706250,338317,47.90
20,1089,KAMDHENU,EQ,166833,25184,15.10
20,1090,KAMOPAINTS,EQ,437900,80634,18.41
20,1091,KANANIIND,EQ,132521,106255,80.18
20,1092,KANDARP,SM,12000,8000,66.67
20,1093,KANORICHEM,EQ,9596,7453,77.67
20,1094,KANPRPLA,EQ,10754,8177,76.04
20,1095,KANSAINER,EQ,997460,851594,85.38
20,1096,KAPSTON,EQ,70908,41757,58.89
20,1097,KARMAENG,EQ,562,434,77.22
20,1098,KARURVYSYA,EQ,1819572,875896,48.14
20,1099,KAUSHALYA,EQ,10230,7172,70.11
20,1100,KAYA,EQ,7631,4776,62.59
20,1101,KAYNES,EQ,392405,157228,40.07
20,1102,KBCGLOBAL,EQ,11764032,8880477,75.49
20,1103,KCK,SM,4000,4000,100.00
20,1104,KCP,EQ,122797,70074,57.06
20,1105,KCPSUGIND,EQ,469835,290762,61.89
20,1106,KDDL,EQ,14740,7100,48.17
20,1107,KEC,EQ,692913,193492,27.92
20,1108,KEI,EQ,74776,33400,44.67
20,1109,KELLTONTEC,EQ,932197,390962,41.94
20,1110,KENNAMET,EQ,10852,5885,54.23
20,1111,KESORAMIND,EQ,815819,293819,36.02
20,1112,KEYFINSERV,EQ,4820,2786,57.80
20,1113,KFINTECH,EQ,84896,32906,38.76
20,1114,KHADIM,EQ,13223,6901,52.19
20,1115,KHAICHEM,EQ,156964,85581,54.52
20,1116,KHAITANLTD,EQ,11188,6711,59.98
20,1117,KICL,EQ,1256,719,57.25
20,1118,KIMS,EQ,2397795,2346740,97.87
20,1119,KINGFA,EQ,17229,6376,37.01
20,1120,KIOCL,EQ,75438,32492,43.07
20,1121,KIRIINDUS,EQ,82657,51345,62.12
20,1122,KIRLFER,EQ,33179,17293,52.12
20,1123,KIRLOSBROS,EQ,175815,73069,41.56
20,1124,KIRLOSENG,EQ,373539,324141,86.78
20,1125,KIRLOSIND,EQ,3861,2464,63.82
20,1126,KIRLPNU,EQ,27727,13914,50.18
20,1127,KITEX,EQ,135789,63816,47.00
20,1128,KKCL,EQ,36051,16118,44.71
20,1129,KMSUGAR,EQ,247940,144035,58.09
20,1130,KNAGRI,SM,6400,6400,100.00
20,1131,KNRCON,EQ,389804,233449,59.89
20,1132,KOKUYOCMLN,EQ,118451,66349,56.01
20,1133,KOLTEPATIL,EQ,341678,121594,35.59
20,1134,KOPRAN,EQ,905042,310105,34.26
20,1135,KORE,SM,35000,31000,88.57
20,1136,KOTAKALPHA,EQ,249593,152045,60.92
20,1137,KOTAKBANK,EQ,7429705,5084256,68.43
20,1138,KOTAKBKETF,EQ,8998,6366,70.75
20,1139,KOTAKCONS,EQ,157,157,100.00
20,1140,KOTAKGOLD,EQ,287291,232379,80.89
20,1141,KOTAKIT,EQ,39633,23767,59.97
20,1142,KOTAKLIQ,EQ,5,5,100.00
20,1143,KOTAKLOVOL,EQ,7481,5108,68.28
20,1144,KOTAKMID50,EQ,9920,6624,66.77
20,1145,KOTAKMNC,EQ,6012,3196,53.16
20,1146,KOTAKNIFTY,EQ,15769,9435,59.83
20,1147,KOTAKNV20,EQ,6505,3017,46.38
20,1148,KOTAKPSUBK,EQ,6483,4936,76.14
20,1149,KOTAKSILVE,EQ,19489,18073,92.73
20,1150,KOTARISUG,EQ,163148,86492,53.01
20,1151,KOTHARIPET,EQ,174094,98308,56.47
20,1152,KOTHARIPRO,EQ,9445,6534,69.18
20,1153,KOTYARK,SM,3000,2600,86.67
20,1154,KOVAI,EQ,31543,13189,41.81
20,1155,KPIGREEN,EQ,249789,94559,37.86
20,1156,KPITTECH,EQ,849973,259113,30.48
20,1157,KPRMILL,EQ,115062,70644,61.40
20,1158,KRBL,EQ,287403,121958,42.43
20,1159,KREBSBIO,EQ,7701,5460,70.90
20,1160,KRIDHANINF,EQ,80834,58386,72.23
20,1161,KRISHANA,EQ,43784,34772,79.42
20,1162,KRISHCA,ST,16000,16000,100.00
20,1163,KRISHIVAL,SM,3000,2000,66.67
20,1164,KRISHNADEF,SM,36000,28000,77.78
20,1165,KRITI,EQ,27622,17886,64.75
20,1166,KRITIKA,EQ,1105387,605074,54.74
20,1167,KRITINUT,EQ,20869,14502,69.49
20,1168,KRSNAA,EQ,477062,120071,25.17
20,1169,KSB,EQ,13828,6048,43.74
20,1170,KSCL,EQ,34842,21317,61.18
20,1171,KSHITIJPOL,EQ,388860,175536,45.14
20,1172,KSL,EQ,31909,15913,49.87
20,1173,KSOLVES,EQ,161723,89553,55.37
20,1174,KTKBANK,EQ,4557782,1858382,40.77
20,1175,KUANTUM,EQ,19917,11921,59.85
20,1176,LAGNAM,EQ,95003,60806,64.00
20,1177,LALPATHLAB,EQ,75479,28200,37.36
20,1178,LAMBODHARA,EQ,277279,146878,52.97
20,1179,LANDMARK,EQ,440789,157032,35.63
20,1180,LAOPALA,EQ,105572,44960,42.59
20,1181,LASA,EQ,30044,17197,57.24
20,1182,LATENTVIEW,EQ,275331,156442,56.82
20,1183,LATTEYS,EQ,266188,205247,77.11
20,1184,LAURUSLABS,EQ,1257964,301705,23.98
20,1185,LAXMICOT,EQ,21532,17388,80.75
20,1186,LAXMIMACH,EQ,8503,5831,68.58
20,1187,LCCINFOTEC,EQ,81863,67241,82.14
20,1188,LEMERITE,SM,64000,35200,55.00
20,1189,LEMONTREE,EQ,3234092,1332585,41.20
20,1190,LEXUS,EQ,3583,2675,74.66
20,1191,LFIC,EQ,10245,4956,48.37
20,1192,LGBBROSLTD,EQ,28247,13797,48.84
20,1193,LGBFORGE,EQ,237952,153636,64.57
20,1194,LIBAS,EQ,114587,83086,72.51
20,1195,LIBERTSHOE,EQ,67798,35211,51.94
20,1196,LICHSGFIN,EQ,1365553,580294,42.50
20,1197,LICI,EQ,720683,422603,58.64
20,1198,LICNETFGSC,EQ,11807,8577,72.64
20,1199,LICNETFN50,EQ,62,58,93.55
20,1200,LICNETFSEN,EQ,87,66,75.86
20,1201,LICNFNHGP,EQ,996,818,82.13
20,1202,LIKHITHA,EQ,79581,36924,46.40
20,1203,LINC,EQ,14824,8702,58.70
20,1204,LINCOLN,EQ,138648,57067,41.16
20,1205,LINDEINDIA,EQ,12406,8406,67.76
20,1206,LIQUIDBEES,EQ,1400346,1043990,74.55
20,1207,LIQUIDETF,EQ,184709,80378,43.52
20,1208,LLOYDS,SM,12000,12000,100.00
20,1209,LODHA,EQ,5013206,3832361,76.45
20,1210,LOKESHMACH,EQ,189857,87418,46.04
20,1211,LOTUSEYE,EQ,11179,8114,72.58
20,1212,LOVABLE,EQ,56365,26439,46.91
20,1213,LOYALTEX,EQ,3692,3410,92.36
20,1214,LPDC,EQ,86077,61741,71.73
20,1215,LRRPL,SM,60000,54000,90.00
20,1216,LSIL,EQ,5114819,2148674,42.01
20,1217,LT,EQ,1716729,1217068,70.89
20,1218,L&TFH,EQ,7590202,3236795,42.64
20,1219,L&TFINANCE,NE,25,25,100.00
20,1220,L&TFINANCE,NW,365,355,97.26
20,1221,L&TFINANCE,Y7,20,20,100.00
20,1222,LTGILTBEES,EQ,199273,197129,98.92
20,1223,LTIM,EQ,306273,196938,64.30
20,1224,LTTS,EQ,108674,38182,35.13
20,1225,LUMAXIND,EQ,9373,5099,54.40
20,1226,LUMAXTECH,EQ,705673,256135,36.30
20,1227,LUPIN,EQ,1337941,355161,26.55
20,1228,LUXIND,EQ,167832,16447,9.80
20,1229,LXCHEM,EQ,360962,154661,42.85
20,1230,LYKALABS,EQ,342038,185129,54.13
20,1231,LYPSAGEMS,EQ,14717,12715,86.40
20,1232,MAANALU,EQ,185455,86271,46.52
20,1233,MACPOWER,EQ,33015,18037,54.63
20,1234,MADHAV,EQ,13187,9687,73.46
20,1235,MADHAVBAUG,SM,5600,5600,100.00
20,1236,MADHUCON,EQ,31644,22630,71.51
20,1237,MADRASFERT,EQ,225811,98723,43.72
20,1238,MAESGETF,EQ,109584,108335,98.86
20,1239,MAFANG,EQ,798772,560682,70.19
20,1240,MAFSETF,EQ,64876,38337,59.09
20,1241,MAGADSUGAR,EQ,7976,6607,82.84
20,1242,MAGNUM,EQ,53501,53501,100.00
20,1243,MAGOLDETF,EQ,1692,1673,98.88
20,1244,MAGS813ETF,EQ,40,40,100.00
20,1245,MAHABANK,EQ,5993474,2243645,37.43
20,1246,MAHAPEXLTD,EQ,8558,5978,69.85
20,1247,MAHASTEEL,EQ,26256,12759,48.59
20,1248,MAHEPC,EQ,69080,35724,51.71
20,1249,MAHESHWARI,EQ,12840,8656,67.41
20,1250,MAHICKRA,SM,10500,10500,100.00
20,1251,MAHINDCIE,EQ,897731,435051,48.46
20,1252,MAHKTECH,EQ,577660,418072,72.37
20,1253,MAHLIFE,EQ,434139,151715,34.95
20,1254,MAHLOG,EQ,82708,36908,44.62
20,1255,MAHSCOOTER,EQ,6400,3753,58.64
20,1256,MAHSEAMLES,EQ,312160,136048,43.58
20,1257,MAITHANALL,EQ,26927,13427,49.86
20,1258,MAKS,SM,18000,12000,66.67
20,1259,MALLCOM,EQ,32995,16770,50.83
20,1260,MALUPAPER,EQ,28844,21292,73.82
20,1261,MAM150ETF,EQ,316278,222584,70.38
20,1262,MAMFGETF,EQ,2891,1516,52.44
20,1263,MAN50ETF,EQ,11500,5846,50.83
20,1264,MANAKALUCO,EQ,31966,22093,69.11
20,1265,MANAKCOAT,EQ,135506,82270,60.71
20,1266,MANAKSIA,EQ,634383,315371,49.71
20,1267,MANAKSTEEL,EQ,56171,34566,61.54
20,1268,MANALIPETC,EQ,255011,156878,61.52
20,1269,MANAPPURAM,EQ,6950024,3792310,54.57
20,1270,MANAV,SM,4000,4000,100.00
20,1271,MANGALAM,EQ,29957,7915,26.42
20,1272,MANGCHEFER,EQ,47616,33897,71.19
20,1273,MANGLMCEM,EQ,120504,63356,52.58
20,1274,MANINDS,EQ,1515222,443172,29.25
20,1275,MANINFRA,EQ,408003,192941,47.29
20,1276,MANKIND,EQ,258524,165235,63.91
20,1277,MANORG,EQ,7070,4826,68.26
20,1278,MANUGRAPH,EQ,122382,59592,48.69
20,1279,MANV30F,EQ,11,8,72.73
20,1280,MANXT50,EQ,1329,1265,95.18
20,1281,MANYAVAR,EQ,193959,135585,69.90
20,1282,MAPMYINDIA,EQ,50027,27241,54.45
20,1283,MARALOVER,EQ,11099,7354,66.26
20,1284,MARATHON,EQ,38516,17300,44.92
20,1285,MARICO,EQ,486319,262151,53.91
20,1286,MARINE,EQ,159266,139514,87.60
20,1287,MARKSANS,EQ,18943245,4589489,24.23
20,1288,MARSHALL,EQ,237391,107318,45.21
20,1289,MARUTI,EQ,372004,261349,70.25
20,1290,MASFIN,EQ,17157,11155,65.02
20,1291,MASPTOP50,EQ,89298,73409,82.21
20,1292,MASTEK,EQ,55921,25928,46.37
20,1293,MATRIMONY,EQ,56259,46390,82.46
20,1294,MAWANASUG,EQ,1665636,366952,22.03
20,1295,MAXHEALTH,EQ,7783524,5918353,76.04
20,1296,MAXIND,EQ,248276,175684,70.76
20,1297,MAXVIL,EQ,81126,46179,56.92
20,1298,MAYURUNIQ,EQ,37611,19144,50.90
20,1299,MAZDA,EQ,86521,25257,29.19
20,1300,MAZDOCK,EQ,1606019,475311,29.60
20,1301,MBAPL,EQ,8440,6754,80.02
20,1302,MBLINFRA,EQ,91921,65599,71.36
20,1303,MCDOWELL-N,EQ,770563,543128,70.48
20,1304,MCL,EQ,2777,1863,67.09
20,1305,MCLEODRUSS,EQ,148093,98670,66.63
20,1306,MCON,SM,27000,27000,100.00
20,1307,MCX,EQ,947925,305444,32.22
20,1308,MDL,SM,56000,56000,100.00
20,1309,MEDANTA,EQ,205888,137907,66.98
20,1310,MEDICAMEQ,EQ,17911,9024,50.38
20,1311,MEDICO,EQ,1056553,458051,43.35
20,1312,MEDPLUS,EQ,1107260,625642,56.50
20,1313,MEGASOFT,EQ,75803,40593,53.55
20,1314,MEGASTAR,EQ,43508,20331,46.73
20,1315,MENONBE,EQ,115696,61403,53.07
20,1316,MEP,EQ,139751,87390,62.53
20,1317,METROBRAND,EQ,336725,148225,44.02
20,1318,METROPOLIS,EQ,107433,35692,33.22
20,1319,MFL,EQ,33235,20127,60.56
20,1320,MFSL,EQ,198839,68897,34.65
20,1321,MGL,EQ,370934,210229,56.68
20,1322,MHHL,SM,456000,216000,47.37
20,1323,MHLXMIRU,EQ,23416,13552,57.87
20,1324,MHRIL,EQ,1300381,458837,35.28
20,1325,MID150BEES,EQ,104415,64184,61.47
20,1326,MIDHANI,EQ,239282,127308,53.20
20,1327,MINDACORP,EQ,369225,215919,58.48
20,1328,MINDPOOL,SM,1000,1000,100.00
20,1329,MINDSPACE,RR,136633,116658,85.38
20,1330,MINDTECK,EQ,41274,17666,42.80
20,1331,MIRCELECTR,EQ,231076,148557,64.29
20,1332,MITCON,EQ,7289,5607,76.92
20,1333,MITTAL,EQ,30155,28408,94.21
20,1334,M&M,EQ,2493657,1735275,69.59
20,1335,M&MFIN,EQ,2764028,1561141,56.48
20,1336,M&MFIN,N2,700,600,85.71
20,1337,MMFL,EQ,7062,4075,57.70
20,1338,MMP,EQ,58498,35130,60.05
20,1339,MMTC,EQ,764701,319039,41.72
20,1340,MODISONLTD,EQ,60243,36278,60.22
20,1341,MOGSEC,EQ,77610,54049,69.64
20,1342,MOHEALTH,EQ,1002,999,99.70
20,1343,MOHITIND,EQ,15774,9596,60.83
20,1344,MOIL,EQ,167508,92332,55.12
20,1345,MOKSH,EQ,52483,45786,87.24
20,1346,MOL,EQ,472401,290403,61.47
20,1347,MOLDTECH,EQ,74276,39916,53.74
20,1348,MOLDTKPAC,EQ,32180,21216,65.93
20,1349,MOLOWVOL,EQ,215,102,47.44
20,1350,MOM100,EQ,90472,59063,65.28
20,1351,MOM50,EQ,711,316,44.44
20,1352,MOMENTUM,EQ,1906,953,50.00
20,1353,MOMOMENTUM,EQ,19521,13174,67.49
20,1354,MON100,EQ,963556,789536,81.94
20,1355,MONARCH,EQ,30550,8173,26.75
20,1356,MONQ50,EQ,16165,9488,58.69
20,1357,MONTECARLO,EQ,1818774,188567,10.37
20,1358,MOQUALITY,EQ,60,60,100.00
20,1359,MORARJEE,EQ,12964,9870,76.13
20,1360,MOREPENLAB,EQ,1620180,536870,33.14
20,1361,MOS,SM,54400,28800,52.94
20,1362,MOTHERSON,EQ,6589846,2906319,44.10
20,1363,MOTILALOFS,EQ,49981,26994,54.01
20,1364,MOTOGENFIN,EQ,2296,1394,60.71
20,1365,MOVALUE,EQ,340,301,88.53
20,1366,MOXSH,SM,4800,4800,100.00
20,1367,MPHASIS,EQ,277684,181124,65.23
20,1368,MPSLTD,EQ,87519,42520,48.58
20,1369,MRF,EQ,4289,1248,29.10
20,1370,MRO-TEK,EQ,12767,10684,83.68
20,1371,MRPL,EQ,4184536,1758185,42.02
20,1372,MSPL,EQ,361384,256813,71.06
20,1373,MSTCLTD,EQ,123131,59376,48.22
20,1374,MSUMI,EQ,6619891,3539080,53.46
20,1375,MTARTECH,EQ,180394,75095,41.63
20,1376,MTNL,EQ,945090,602411,63.74
20,1377,MUKANDLTD,EQ,56930,41218,72.40
20,1378,MUKTAARTS,EQ,3706,2856,77.06
20,1379,MUNJALAU,EQ,786790,274190,34.85
20,1380,MUNJALSHOW,EQ,1605709,435589,27.13
20,1381,MURUDCERA,EQ,112514,61960,55.07
20,1382,MUTHOOTCAP,EQ,137362,65489,47.68
20,1383,MUTHOOTFIN,EQ,216424,84076,38.85
20,1384,MWL,SM,1200,1200,100.00
20,1385,NABARD,N2,1519,1445,95.13
20,1386,NACLIND,EQ,85929,70435,81.97
20,1387,NAGAFERT,EQ,512821,420962,82.09
20,1388,NAGREEKCAP,EQ,21260,14491,68.16
20,1389,NAGREEKEXP,EQ,72830,45531,62.52
20,1390,NAHARCAP,EQ,8829,5690,64.45
20,1391,NAHARINDUS,EQ,53560,29827,55.69
20,1392,NAHARPOLY,EQ,12153,9030,74.30
20,1393,NAHARSPING,EQ,31303,20029,63.98
20,1394,NAM-INDIA,EQ,591436,237673,40.19
20,1395,NARMADA,EQ,28299,11342,40.08
20,1396,NATCOPHARM,EQ,1055388,468545,44.40
20,1397,NATHBIOGEN,EQ,22093,14427,65.30
20,1398,NATIONALUM,EQ,8689842,2251000,25.90
20,1399,NAUKRI,EQ,491864,188006,38.22
20,1400,NAVA,EQ,271432,120549,44.41
20,1401,NAVIFIN,N1,141,140,99.29
20,1402,NAVINFLUOR,EQ,73873,28959,39.20
20,1403,NAVKARCORP,EQ,1097324,648151,59.07
20,1404,NAVNETEDUL,EQ,162329,79372,48.90
20,1405,NAZARA,EQ,157698,52885,33.54
20,1406,NBCC,EQ,25472042,8835323,34.69
20,1407,NBIFIN,EQ,16,10,62.50
20,1408,NCC,EQ,3016573,1295792,42.96
20,1409,NCLIND,EQ,278164,180720,64.97
20,1410,NDL,EQ,170312,101473,59.58
20,1411,NDLVENTURE,EQ,4505,3416,75.83
20,1412,NDRAUTO,EQ,319158,82387,25.81
20,1413,NDTV,EQ,440432,308654,70.08
20,1414,NECCLTD,EQ,47348,27833,58.78
20,1415,NECLIFE,EQ,95049,59334,62.42
20,1416,NELCAST,EQ,174231,78019,44.78
20,1417,NELCO,EQ,33924,18041,53.18
20,1418,NEOGEN,EQ,60568,24044,39.70
20,1419,NESCO,EQ,78008,42205,54.10
20,1420,NESTLEIND,EQ,46981,30456,64.83
20,1421,NETF,EQ,1697,1208,71.18
20,1422,NETWORK18,EQ,1539456,400562,26.02
20,1423,NEULANDLAB,EQ,50630,25198,49.77
20,1424,NEWGEN,EQ,163274,75445,46.21
20,1425,NEXTMEDIA,EQ,21936,20678,94.27
20,1426,NFL,EQ,5605135,2588824,46.19
20,1427,NGIL,EQ,13436,8238,61.31
20,1428,NGLFINE,EQ,1642,1018,62.00
20,1429,NH,EQ,285434,149941,52.53
20,1430,NHAI,N4,20,20,100.00
20,1431,NHAI,N6,47,47,100.00
20,1432,NHAI,N8,51,51,100.00
20,1433,NHAI,N9,1253,1203,96.01
20,1434,NHAI,NA,22575,22475,99.56
20,1435,NHAI,NE,2048,2048,100.00
20,1436,NHBTF2014,N1,10,10,100.00
20,1437,NHBTF2014,N4,44,30,68.18
20,1438,NHBTF2014,N6,2,2,100.00
20,1439,NHIT,N1,765,765,100.00
20,1440,NHIT,N2,191,191,100.00
20,1441,NHIT,N3,298,298,100.00
20,1442,NHPC,EQ,19070599,6423323,33.68
20,1443,NIACL,EQ,1159581,298333,25.73
20,1444,NIBL,EQ,21500,17041,79.26
20,1445,NIDAN,SM,13000,10000,76.92
20,1446,NIF100BEES,EQ,3835,3233,84.30
20,1447,NIFTYBEES,EQ,2613440,1867783,71.47
20,1448,NIFTYQLITY,EQ,12016,8776,73.04
20,1449,NIITLTD,EQ,894527,433903,48.51
20,1450,NILAINFRA,EQ,162500,117779,72.48
20,1451,NILASPACES,EQ,154186,110275,71.52
20,1452,NILKAMAL,EQ,2950,1496,50.71
20,1453,NINSYS,EQ,3485,3172,91.02
20,1454,NIPPOBATRY,EQ,2954,1532,51.86
20,1455,NIRAJ,EQ,13131,6519,49.65
20,1456,NIRMAN,SM,84000,60000,71.43
20,1457,NITCO,EQ,29748,13602,45.72
20,1458,NITINSPIN,EQ,102797,57220,55.66
20,1459,NITIRAJ,EQ,6803,4566,67.12
20,1460,NKIND,EQ,109,73,66.97
20,1461,NLCINDIA,EQ,2591103,1390480,53.66
20,1462,NMDC,EQ,6457849,3969460,61.47
20,1463,NOCIL,EQ,635798,440193,69.23
20,1464,NOIDATOLL,EQ,27285,15494,56.79
20,1465,NORBTEAEXP,EQ,1500,1500,100.00
20,1466,NOVARTIND,EQ,18103,12132,67.02
20,1467,NPBET,EQ,2070,1761,85.07
20,1468,NPST,SM,2400,2400,100.00
20,1469,NRAIL,EQ,192547,88476,45.95
20,1470,NRBBEARING,EQ,176132,108331,61.51
20,1471,NRL,EQ,102847,69979,68.04
20,1472,NSIL,EQ,557,358,64.27
20,1473,NSLNISP,EQ,6308527,4269489,67.68
20,1474,NTPC,EQ,9727639,5428116,55.80
20,1475,NTPC,N4,370,370,100.00
20,1476,NTPC,N6,380,380,100.00
20,1477,NTPC,N7,60917,53116,87.19
20,1478,NTPC,NA,15,15,100.00
20,1479,NTPC,NB,162,162,100.00
20,1480,NTPC,NC,156,156,100.00
20,1481,NTPC,ND,90,90,100.00
20,1482,NUCLEUS,EQ,2515273,337215,13.41
20,1483,NURECA,EQ,27321,16434,60.15
20,1484,NUVOCO,EQ,170689,91286,53.48
20,1485,NV20BEES,EQ,13431,8725,64.96
20,1486,NXST,RR,1491038,1485393,99.62
20,1487,NYKAA,EQ,3310957,1566948,47.33
20,1488,OAL,EQ,35274,9123,25.86
20,1489,OBCL,EQ,27491,16998,61.83
20,1490,OBEROIRLTY,EQ,457307,278665,60.94
20,1491,OCCL,EQ,7198,5451,75.73
20,1492,OFSS,EQ,24968,12634,50.60
20,1493,OIL,EQ,984039,533880,54.25
20,1494,OILCOUNTUB,EQ,38893,23950,61.58
20,1495,OLECTRA,EQ,2012492,622301,30.92
20,1496,OMAXE,EQ,172100,43611,25.34
20,1497,OMINFRAL,EQ,26410,14419,54.60
20,1498,ONELIFECAP,EQ,5535,3240,58.54
20,1499,ONEPOINT,EQ,1271279,426936,33.58
20,1500,ONGC,EQ,16117505,7982507,49.53
20,1501,ONMOBILE,EQ,2008656,708452,35.27
20,1502,ONWARDTEC,EQ,51234,22661,44.23
20,1503,OPTIEMUS,EQ,376552,206665,54.88
20,1504,ORBTEXP,EQ,17183,9777,56.90
20,1505,ORICONENT,EQ,96621,60850,62.98
20,1506,ORIENTABRA,EQ,75016,39276,52.36
20,1507,ORIENTALTL,EQ,11159,7608,68.18
20,1508,ORIENTBELL,EQ,11822,7456,63.07
20,1509,ORIENTCEM,EQ,2921311,1234404,42.26
20,1510,ORIENTELEC,EQ,686568,334280,48.69
20,1511,ORIENTHOT,EQ,365722,205278,56.13
20,1512,ORIENTLTD,EQ,1972,982,49.80
20,1513,ORIENTPPR,EQ,720851,442377,61.37
20,1514,ORISSAMINE,EQ,3253,1677,51.55
20,1515,ORTINLAB,EQ,22806,15823,69.38
20,1516,OSIAHYPER,EQ,171117,88608,51.78
20,1517,OSWALAGRO,EQ,88343,61407,69.51
20,1518,OSWALGREEN,EQ,75120,49220,65.52
20,1519,OSWALSEEDS,EQ,26597,3621,13.61
20,1520,PAGEIND,EQ,70408,17484,24.83
20,1521,PAISALO,EQ,2596373,905963,34.89
20,1522,PALASHSECU,EQ,675,183,27.11
20,1523,PALREDTEC,EQ,8317,5528,66.47
20,1524,PANACEABIO,EQ,184901,52274,28.27
20,1525,PANACHE,EQ,3725,2080,55.84
20,1526,PANAMAPET,EQ,239147,76546,32.01
20,1527,PANSARI,EQ,296,275,92.91
20,1528,PAR,EQ,7760,5473,70.53
20,1529,PARACABLES,EQ,134870,106885,79.25
20,1530,PARADEEP,EQ,651780,424330,65.10
20,1531,PARAGMILK,EQ,552757,399723,72.31
20,1532,PARAS,EQ,88497,37330,42.18
20,1533,PARIN,SM,2000,2000,100.00
20,1534,PARSVNATH,EQ,144807,97362,67.24
20,1535,PARTYCRUS,SM,60000,60000,100.00
20,1536,PASHUPATI,SM,3200,1600,50.00
20,1537,PASUPTAC,EQ,72101,49422,68.55
20,1538,PATINTLOG,EQ,295193,200182,67.81
20,1539,PATTECH,SM,12000,6000,50.00
20,1540,PAVNAIND,SM,2400,1600,66.67
20,1541,PAYTM,EQ,1060529,416611,39.28
20,1542,PCBL,EQ,407733,247458,60.69
20,1543,PCHFL,N2,6,5,83.33
20,1544,PCHFL,N8,300,300,100.00
20,1545,PCJEWELLER,EQ,968211,516329,53.33
20,1546,PDMJEPAPER,EQ,111465,62643,56.20
20,1547,PDSL,EQ,46139,30892,66.95
20,1548,PEARLPOLY,EQ,23563,18507,78.54
20,1549,PEL,EQ,393594,137329,34.89
20,1550,PENIND,EQ,594168,281590,47.39
20,1551,PENINLAND,EQ,153889,92166,59.89
20,1552,PERFECT,SM,54000,42000,77.78
20,1553,PERSISTENT,EQ,215994,72718,33.67
20,1554,PETRONET,EQ,878194,528212,60.15
20,1555,PFC,EQ,15495553,6855414,44.24
20,1556,PFC,N3,11,11,100.00
20,1557,PFC,N5,62,62,100.00
20,1558,PFC,N8,851,602,70.74
20,1559,PFIZER,EQ,18984,15901,83.76
20,1560,PFOCUS,EQ,500108,244920,48.97
20,1561,PFS,EQ,559211,380276,68.00
20,1562,PGEL,EQ,304459,169393,55.64
20,1563,PGHH,EQ,2655,1209,45.54
20,1564,PGHL,EQ,9016,5628,62.42
20,1565,PGIL,EQ,11318,7466,65.97
20,1566,PGINVIT,IV,1118230,1094577,97.88
20,1567,PHANTOMFX,SM,32400,24000,74.07
20,1568,PHARMABEES,EQ,667640,407784,61.08
20,1569,PHOENIXLTD,EQ,224671,167037,74.35
20,1570,PIDILITIND,EQ,181279,87545,48.29
20,1571,PIGL,EQ,53568,16233,30.30
20,1572,PIIND,EQ,263996,141590,53.63
20,1573,PILANIINVS,EQ,1679,949,56.52
20,1574,PILITA,EQ,113925,95454,83.79
20,1575,PIONEEREMB,EQ,21628,17400,80.45
20,1576,PITTIENG,EQ,232375,166435,71.62
20,1577,PIXTRANS,EQ,26984,14336,53.13
20,1578,PLASTIBLEN,EQ,8493,5727,67.43
20,1579,PNB,EQ,31271579,10748885,34.37
20,1580,PNBGILTS,EQ,92505,78107,84.44
20,1581,PNBHOUSING,EQ,406017,176973,43.59
20,1582,PNC,EQ,38465,14066,36.57
20,1583,PNCINFRA,EQ,219601,112508,51.23
20,1584,POCL,EQ,598103,124815,20.87
20,1585,PODDARHOUS,EQ,16709,12016,71.91
20,1586,PODDARMENT,EQ,19967,15043,75.34
20,1587,POKARNA,EQ,25174,13090,52.00
20,1588,POLICYBZR,EQ,1114218,739718,66.39
20,1589,POLYCAB,EQ,340548,151333,44.44
20,1590,POLYMED,EQ,23726,11280,47.54
20,1591,POLYPLEX,EQ,104164,43530,41.79
20,1592,PONNIERODE,EQ,37878,20067,52.98
20,1593,POONAWALLA,EQ,916997,492637,53.72
20,1594,POWERGRID,EQ,7102445,5061345,71.26
20,1595,POWERINDIA,EQ,19795,13297,67.17
20,1596,POWERMECH,EQ,47150,19931,42.27
20,1597,PPAP,EQ,11852,9499,80.15
20,1598,PPL,EQ,59401,39515,66.52
20,1599,PPLPHARMA,EQ,9360385,3072724,32.83
20,1600,PRAENG,EQ,52573,46116,87.72
20,1601,PRAJIND,EQ,1318598,499257,37.86
20,1602,PRAKASH,EQ,398657,228221,57.25
20,1603,PRAKASHSTL,EQ,326952,241014,73.72
20,1604,PRAXIS,EQ,784702,599818,76.44
20,1605,PRECAM,EQ,275655,107525,39.01
20,1606,PRECISION,SM,392000,182000,46.43
20,1607,PRECOT,EQ,4060,3411,84.01
20,1608,PRECWIRE,EQ,618214,268798,43.48
20,1609,PREMEXPLN,EQ,5899,5300,89.85
20,1610,PREMIERPOL,EQ,9417,5844,62.06
20,1611,PRESSMN,EQ,56616,45032,79.54
20,1612,PRESTIGE,EQ,244256,131399,53.80
20,1613,PRICOLLTD,EQ,111345,62525,56.15
20,1614,PRIMESECU,EQ,284941,196681,69.03
20,1615,PRINCEPIPE,EQ,575938,112630,19.56
20,1616,PRITI,EQ,37188,22341,60.08
20,1617,PRITIKA,SM,8000,8000,100.00
20,1618,PRITIKAUTO,EQ,351465,202852,57.72
20,1619,PRIVISCL,EQ,57431,24142,42.04
20,1620,PROLIFE,SM,10000,8000,80.00
20,1621,PROPEQUITY,SM,22800,19200,84.21
20,1622,PROZONINTU,EQ,254207,187971,73.94
20,1623,PRSMJOHNSN,EQ,562763,261691,46.50
20,1624,PRUDENT,EQ,141705,132317,93.37
20,1625,PSB,EQ,1467299,421839,28.75
20,1626,PSPPROJECT,EQ,140984,85502,60.65
20,1627,PSUBANKICI,EQ,9336,6741,72.20
20,1628,PSUBNKBEES,EQ,1566716,1319680,84.23
20,1629,PTC,EQ,2218141,1226094,55.28
20,1630,PTL,EQ,47067,33135,70.40
20,1631,PULZ,SM,74000,72000,97.30
20,1632,PUNJABCHEM,EQ,5147,3799,73.81
20,1633,PURVA,EQ,545353,206815,37.92
20,1634,PVP,EQ,190300,112555,59.15
20,1635,PVRINOX,EQ,378678,230708,60.92
20,1636,QFIL,SM,24000,18000,75.00
20,1637,QGOLDHALF,EQ,17497,11400,65.15
20,1638,QMSMEDI,SM,12000,12000,100.00
20,1639,QNIFTY,EQ,221,149,67.42
20,1640,QUADPRO,SM,12000,12000,100.00
20,1641,QUESS,EQ,594354,224428,37.76
20,1642,QUICKHEAL,EQ,34168,20145,58.96
20,1643,QUICKTOUCH,SM,198000,100000,50.51
20,1644,RACE,EQ,11249,6155,54.72
20,1645,RADHIKAJWE,EQ,180065,109071,60.57
20,1646,RADIANTCMS,EQ,108003,67319,62.33
20,1647,RADICO,EQ,151276,77852,51.46
20,1648,RADIOCITY,EQ,217857,160414,73.63
20,1649,RADIOCITY,P1,84599,84599,100.00
20,1650,RAILTEL,EQ,974460,457672,46.97
20,1651,RAIN,EQ,901127,334154,37.08
20,1652,RAINBOW,EQ,123592,53495,43.28
20,1653,RAJESHEXPO,EQ,476000,123903,26.03
20,1654,RAJMET,EQ,126537,94066,74.34
20,1655,RAJRATAN,EQ,22201,14964,67.40
20,1656,RAJSREESUG,EQ,65308,35045,53.66
20,1657,RAJTV,EQ,1500,625,41.67
20,1658,RALLIS,EQ,177916,102548,57.64
20,1659,RAMANEWS,EQ,7102,5075,71.46
20,1660,RAMAPHO,EQ,30470,22924,75.23
20,1661,RAMASTEEL,EQ,8225501,3089792,37.56
20,1662,RAMCOCEM,EQ,1164477,243450,20.91
20,1663,RAMCOIND,EQ,112161,66217,59.04
20,1664,RAMCOSYS,EQ,30705,16789,54.68
20,1665,RAMKY,EQ,198580,121448,61.16
20,1666,RAMRAT,EQ,364000,187055,51.39
20,1667,RANASUG,EQ,543871,291466,53.59
20,1668,RANEHOLDIN,EQ,6889,4737,68.76
20,1669,RATEGAIN,EQ,295078,161451,54.71
20,1670,RATNAMANI,EQ,7374,3696,50.12
20,1671,RAYMOND,EQ,47770,17021,35.63
20,1672,RBA,EQ,898835,240039,26.71
20,1673,RBL,EQ,6696,3964,59.20
20,1674,RBLBANK,EQ,23319418,6157788,26.41
20,1675,RBMINFRA,SM,15000,9000,60.00
20,1676,RCF,EQ,1669098,855732,51.27
20,1677,RECLTD,EQ,15899557,6907355,43.44
20,1678,RECLTD,N8,444,344,77.48
20,1679,RECLTD,N9,160,130,81.25
20,1680,RECLTD,NF,20,20,100.00
20,1681,RECLTD,NG,30,30,100.00
20,1682,RECLTD,NH,186,186,100.00
20,1683,RECLTD,NI,300,300,100.00
20,1684,REDINGTON,EQ,924833,543963,58.82
20,1685,REFEX,EQ,649276,233181,35.91
20,1686,RELAXO,EQ,135889,64648,47.57
20,1687,RELCHEMQ,EQ,3152,1822,57.80
20,1688,RELIANCE,EQ,5234564,2645328,50.54
20,1689,RELIGARE,EQ,487045,311245,63.90
20,1690,RELINFRA,EQ,1077704,423197,39.27
20,1691,REMSONSIND,EQ,2661,2056,77.26
20,1692,REMUS,ST,5600,5600,100.00
20,1693,RENUKA,EQ,3338129,1498464,44.89
20,1694,REPCOHOME,EQ,4208762,1067788,25.37
20,1695,REPL,EQ,8751,6976,79.72
20,1696,REPRO,EQ,17628,10047,56.99
20,1697,RESPONIND,EQ,69527,20421,29.37
20,1698,REVATHI,EQ,7995,5584,69.84
20,1699,REXPIPES,SM,20000,20000,100.00
20,1700,RGL,EQ,62539,5778,9.24
20,1701,RHFL,EQ,4326809,1998381,46.19
20,1702,RHIM,EQ,90638,43185,47.65
20,1703,RHL,EQ,19726,16656,84.44
20,1704,RICOAUTO,EQ,4032437,1404899,34.84
20,1705,RIIL,EQ,260749,57334,21.99
20,1706,RITCO,EQ,3649,2864,78.49
20,1707,RITES,EQ,195059,92852,47.60
20,1708,RITEZONE,SM,9600,9600,100.00
20,1709,RKEC,EQ,362987,219610,60.50
20,1710,RKFORGE,EQ,320827,155924,48.60
20,1711,RMDRIP,SM,4000,4000,100.00
20,1712,RML,EQ,59755,26329,44.06
20,1713,ROHLTD,EQ,140389,80361,57.24
20,1714,ROLEXRINGS,EQ,47715,17400,36.47
20,1715,ROLLT,EQ,122048,68627,56.23
20,1716,ROML,EQ,11102,9040,81.43
20,1717,ROSSARI,EQ,255109,77523,30.39
20,1718,ROSSELLIND,EQ,21665,11125,51.35
20,1719,ROTO,EQ,22276,9657,43.35
20,1720,ROUTE,EQ,193083,92303,47.80
20,1721,RPGLIFE,EQ,11433,7862,68.77
20,1722,RPOWER,EQ,109769357,19829039,18.06
20,1723,RPPINFRA,EQ,299785,179833,59.99
20,1724,RPPL,EQ,8874,5121,57.71
20,1725,RPSGVENT,EQ,13721,8511,62.03
20,1726,RSWM,EQ,128134,92701,72.35
20,1727,RSYSTEMS,EQ,441006,253492,57.48
20,1728,RTNINDIA,EQ,1072249,647823,60.42
20,1729,RTNPOWER,EQ,3681545,2338774,63.53
20,1730,RUBYMILLS,EQ,8343,5502,65.95
20,1731,RUCHIRA,EQ,274013,150999,55.11
20,1732,RUPA,EQ,182979,80488,43.99
20,1733,RUSHIL,EQ,114780,78926,68.76
20,1734,RUSTOMJEE,EQ,35300,24402,69.13
20,1735,RVHL,EQ,45820,25641,55.96
20,1736,RVNL,EQ,21325891,10718691,50.26
20,1737,SADBHAV,EQ,108742,67670,62.23
20,1738,SADBHIN,EQ,173105,98985,57.18
20,1739,SADHNANIQ,EQ,24260,9832,40.53
20,1740,SAFARI,EQ,4488,2928,65.24
20,1741,SAGARDEEP,EQ,7916,5386,68.04
20,1742,SAGCEM,EQ,141419,72165,51.03
20,1743,SAH,EQ,172914,79876,46.19
20,1744,SAHYADRI,EQ,9442,6288,66.60
20,1745,SAIL,EQ,11048903,5109645,46.25
20,1746,SAKAR,EQ,39922,22239,55.71
20,1747,SAKHTISUG,EQ,3980609,1893663,47.57
20,1748,SAKSOFT,EQ,352608,159372,45.20
20,1749,SAKUMA,EQ,167200,106053,63.43
20,1750,SALASAR,EQ,939979,392894,41.80
20,1751,SALONA,EQ,655,467,71.30
20,1752,SALSTEEL,EQ,179253,102078,56.95
20,1753,SALZERELEC,EQ,197027,86787,44.05
20,1754,SAMBHAAV,EQ,24333,9582,39.38
20,1755,SANDESH,EQ,1274,876,68.76
20,1756,SANDHAR,EQ,511498,278169,54.38
20,1757,SANGAMIND,EQ,8092,4811,59.45
20,1758,SANGHIIND,EQ,335335,195372,58.26
20,1759,SANGHVIMOV,EQ,175155,90777,51.83
20,1760,SANGINITA,EQ,18546,10062,54.25
20,1761,SANOFI,EQ,19390,10931,56.37
20,1762,SANSERA,EQ,137419,58478,42.55
20,1763,SAPPHIRE,EQ,200992,97277,48.40
20,1764,SARDAEN,EQ,39417,21731,55.13
20,1765,SAREGAMA,EQ,138114,97626,70.69
20,1766,SARLAPOLY,EQ,68127,48743,71.55
20,1767,SARVESHWAR,EQ,19629,11713,59.67
20,1768,SASKEN,EQ,4525,3106,68.64
20,1769,SASTASUNDR,EQ,14008,8544,60.99
20,1770,SATIA,EQ,165317,105785,63.99
20,1771,SATIN,EQ,620960,306883,49.42
20,1772,SATINDLTD,EQ,164840,91210,55.33
20,1773,SBC,EQ,1206856,386578,32.03
20,1774,SBCL,EQ,192220,25554,13.29
20,1775,SBGLP,EQ,16331,2337,14.31
20,1776,SBICARD,EQ,1753378,1035522,59.06
20,1777,SBIETFCON,EQ,4235,2632,62.15
20,1778,SBIETFIT,EQ,29809,19762,66.30
20,1779,SBIETFPB,EQ,8133,7286,89.59
20,1780,SBIETFQLTY,EQ,1211,684,56.48
20,1781,SBILIFE,EQ,745769,390117,52.31
20,1782,SBIN,EQ,15031640,4892995,32.55
20,1783,SCAPDVR,EQ,108632,73368,67.54
20,1784,SCHAEFFLER,EQ,68138,49477,72.61
20,1785,SCHAND,EQ,376599,155568,41.31
20,1786,SCHNEIDER,EQ,1783543,510889,28.64
20,1787,SCI,EQ,375690,204440,54.42
20,1788,SCPL,EQ,41586,9441,22.70
20,1789,SDBL,EQ,528570,256690,48.56
20,1790,SDL24BEES,EQ,46,35,76.09
20,1791,SDL26BEES,EQ,185452,185191,99.86
20,1792,SEAMECLTD,EQ,5719,2334,40.81
20,1793,SECURCRED,EQ,386102,351113,90.94
20,1794,SECURKLOUD,EQ,31162,18979,60.90
20,1795,SELAN,EQ,40802,29809,73.06
20,1796,SEPC,EQ,577693,577123,99.90
20,1797,SEPOWER,EQ,64003,42146,65.85
20,1798,SEQUENT,EQ,596350,248347,41.64
20,1799,SERVOTECH,EQ,129677,129677,100.00
20,1800,SESHAPAPER,EQ,57784,27435,47.48
20,1801,SETCO,EQ,41363,36479,88.19
20,1802,SETF10GILT,EQ,10847,5545,51.12
20,1803,SETFGOLD,EQ,215093,135031,62.78
20,1804,SETFNIF50,EQ,881536,858950,97.44
20,1805,SETFNIFBK,EQ,13075,10483,80.18
20,1806,SETFNN50,EQ,42715,28117,65.82
20,1807,SFL,EQ,10383,6033,58.10
20,1808,SGBAPR28I,GB,52,38,73.08
20,1809,SGBAUG24,GB,365,327,89.59
20,1810,SGBAUG27,GB,20,11,55.00
20,1811,SGBAUG28V,GB,933,859,92.07
20,1812,SGBAUG29V,GB,149,123,82.55
20,1813,SGBAUG30,GB,506,471,93.08
20,1814,SGBD29VIII,GB,96,95,98.96
20,1815,SGBDC27VII,GB,262,155,59.16
20,1816,SGBDE30III,GB,459,404,88.02
20,1817,SGBDEC2512,GB,4,4,100.00
20,1818,SGBFEB24,GB,44,38,86.36
20,1819,SGBFEB28IX,GB,6,6,100.00
20,1820,SGBFEB29XI,GB,102,87,85.29
20,1821,SGBJ28VIII,GB,35,35,100.00
20,1822,SGBJAN26,GB,38,38,100.00
20,1823,SGBJAN29IX,GB,403,172,42.68
20,1824,SGBJAN29X,GB,99,95,95.96
20,1825,SGBJAN30IX,GB,147,77,52.38
20,1826,SGBJU29III,GB,44,44,100.00
20,1827,SGBJUL25,GB,285,283,99.30
20,1828,SGBJUL27,GB,5,5,100.00
20,1829,SGBJUL28IV,GB,1085,1026,94.56
20,1830,SGBJUL29IV,GB,204,134,65.69
20,1831,SGBJUN27,GB,25,25,100.00
20,1832,SGBJUN28,GB,215,178,82.79
20,1833,SGBJUN29II,GB,229,229,100.00
20,1834,SGBJUN30,GB,54,47,87.04
20,1835,SGBMAR24,GB,19,13,68.42
20,1836,SGBMAR25,GB,67,42,62.69
20,1837,SGBMAR28X,GB,62,51,82.26
20,1838,SGBMAR30X,GB,83,52,62.65
20,1839,SGBMAR31IV,GB,306,242,79.08
20,1840,SGBMAY25,GB,202,156,77.23
20,1841,SGBMAY28,GB,360,241,66.94
20,1842,SGBMAY29I,GB,1760,1537,87.33
20,1843,SGBMR29XII,GB,209,196,93.78
20,1844,SGBN28VIII,GB,87,79,90.80
20,1845,SGBNOV23,GB,4,2,50.00
20,1846,SGBNOV24,GB,54,54,100.00
20,1847,SGBNOV258,GB,6,6,100.00
20,1848,SGBNV29VII,GB,501,487,97.21
20,1849,SGBOC28VII,GB,95,83,87.37
20,1850,SGBOCT25,GB,6,3,50.00
20,1851,SGBOCT26,GB,59,54,91.53
20,1852,SGBOCT27VI,GB,97,97,100.00
20,1853,SGBSEP24,GB,13,10,76.92
20,1854,SGBSEP27,GB,9,5,55.56
20,1855,SGBSEP28VI,GB,409,384,93.89
20,1856,SGBSEP29VI,GB,630,439,69.68
20,1857,SGIL,EQ,86899,47134,54.24
20,1858,SGL,EQ,27930,20659,73.97
20,1859,SHAHALLOYS,EQ,31753,19793,62.33
20,1860,SHAILY,EQ,4076,3366,82.58
20,1861,SHAKTIPUMP,EQ,111133,54758,49.27
20,1862,SHALBY,EQ,110005,49583,45.07
20,1863,SHALPAINTS,EQ,64723,41371,63.92
20,1864,SHANKARA,EQ,62532,26009,41.59
20,1865,SHANTI,EQ,14309,10157,70.98
20,1866,SHANTIGEAR,EQ,46998,30311,64.49
20,1867,SHARDACROP,EQ,88812,39610,44.60
20,1868,SHARDAMOTR,EQ,43865,21304,48.57
20,1869,SHAREINDIA,EQ,69956,26214,37.47
20,1870,SHAREINDIA,W1,3845,3745,97.40
20,1871,SHARIABEES,EQ,1916,1021,53.29
20,1872,SHEMAROO,EQ,15193,10367,68.24
20,1873,SHERA,SM,46000,38000,82.61
20,1874,SHIGAN,SM,81000,70500,87.04
20,1875,SHILPAMED,EQ,114245,56200,49.19
20,1876,SHIVALIK,EQ,40553,20407,50.32
20,1877,SHIVAMAUTO,EQ,269911,139481,51.68
20,1878,SHIVATEX,EQ,8577,7409,86.38
20,1879,SHK,EQ,53783,33649,62.56
20,1880,SHOPERSTOP,EQ,34722,14111,40.64
20,1881,SHRADHA,EQ,5091,3073,60.36
20,1882,SHREDIGCEM,EQ,710853,322967,45.43
20,1883,SHREECEM,EQ,54929,18840,34.30
20,1884,SHREEPUSHK,EQ,17525,11838,67.55
20,1885,SHREERAMA,EQ,183494,133897,72.97
20,1886,SHRENIK,EQ,1887290,1465451,77.65
20,1887,SHREYANIND,EQ,136527,70202,51.42
20,1888,SHREYAS,EQ,35723,22616,63.31
20,1889,SHRIPISTON,EQ,3483,2633,75.60
20,1890,SHRIRAMFIN,EQ,789757,560903,71.02
20,1891,SHRIRAMFIN,YI,1,1,100.00
20,1892,SHRIRAMFIN,YK,10,10,100.00
20,1893,SHRIRAMFIN,YL,25,25,100.00
20,1894,SHRIRAMFIN,YN,909,909,100.00
20,1895,SHRIRAMFIN,YR,196,196,100.00
20,1896,SHRIRAMFIN,YU,130,130,100.00
20,1897,SHRIRAMFIN,YV,8,4,50.00
20,1898,SHRIRAMFIN,YW,13,13,100.00
20,1899,SHRIRAMFIN,ZH,10,10,100.00
20,1900,SHRIRAMFIN,ZK,100,100,100.00
20,1901,SHRIRAMPPS,EQ,908170,477753,52.61
20,1902,SHUBHLAXMI,SM,44000,39000,88.64
20,1903,SHYAMCENT,EQ,228909,154014,67.28
20,1904,SHYAMMETL,EQ,61780,41849,67.74
20,1905,SHYAMTEL,EQ,163,163,100.00
20,1906,SIDDHIKA,SM,1000,1000,100.00
20,1907,SIEMENS,EQ,797193,389559,48.87
20,1908,SIGACHI,EQ,46350,24311,52.45
20,1909,SIGIND,EQ,54596,34650,63.47
20,1910,SIGMA,SM,750,750,100.00
20,1911,SIKKO,EQ,43151,22234,51.53
20,1912,SILGO,EQ,6185,3459,55.93
20,1913,SILINV,EQ,217,110,50.69
20,1914,SILLYMONKS,EQ,20715,13114,63.31
20,1915,SILVER,EQ,31822,20574,64.65
20,1916,SILVERBEES,EQ,977228,599112,61.31
20,1917,SILVERETF,EQ,20234,17227,85.14
20,1918,SILVERTUC,EQ,16488,5093,30.89
20,1919,SIMBHALS,EQ,382267,231100,60.46
20,1920,SIMPLEXINF,EQ,27887,15442,55.37
20,1921,SINTERCOM,EQ,5392,3605,66.86
20,1922,SIRCA,EQ,63009,40886,64.89
20,1923,SIS,EQ,31032,14832,47.80
20,1924,SITINET,EQ,3804484,3104057,81.59
20,1925,SIYSIL,EQ,56567,27787,49.12
20,1926,SJS,EQ,37739,17503,46.38
20,1927,SJVN,EQ,3277433,1393526,42.52
20,1928,SKFINDIA,EQ,14466,8224,56.85
20,1929,SKIPPER,EQ,221948,126214,56.87
20,1930,SKMEGGPROD,EQ,209201,138549,66.23
20,1931,SKP,SM,63000,40000,63.49
20,1932,SKYGOLD,EQ,204733,83928,40.99
20,1933,SMARTLINK,EQ,2607,1497,57.42
20,1934,SMCGLOBAL,EQ,12408,8061,64.97
20,1935,SMLISUZU,EQ,171346,46598,27.20
20,1936,SMLT,EQ,72006,55234,76.71
20,1937,SMSLIFE,EQ,5403,3290,60.89
20,1938,SMSPHARMA,EQ,57079,32835,57.53
20,1939,SNOWMAN,EQ,304815,133886,43.92
20,1940,SOBHA,EQ,4360556,857113,19.66
20,1941,SOFTTECH,EQ,43657,17074,39.11
20,1942,SOLARA,EQ,36204,15319,42.31
20,1943,SOLARINDS,EQ,66014,56202,85.14
20,1944,SOLEX,SM,4000,3200,80.00
20,1945,SOMANYCERA,EQ,19546,8990,45.99
20,1946,SOMATEX,EQ,62583,59814,95.58
20,1947,SOMICONVEY,EQ,9787,7240,73.98
20,1948,SONACOMS,EQ,4055275,2869309,70.75
20,1949,SONAMCLOCK,EQ,13984,8808,62.99
20,1950,SONATSOFTW,EQ,541206,117239,21.66
20,1951,SONUINFRA,SM,12000,12000,100.00
20,1952,SOTAC,SM,7200,6000,83.33
20,1953,SOTL,EQ,55412,36239,65.40
20,1954,SOUTHBANK,EQ,10779464,3760614,34.89
20,1955,SOUTHWEST,EQ,2466,1397,56.65
20,1956,SPAL,EQ,27933,17783,63.66
20,1957,SPANDANA,EQ,273907,152921,55.83
20,1958,SPARC,EQ,200494,80153,39.98
20,1959,SPCENET,EQ,1471398,1262201,85.78
20,1960,SPECIALITY,EQ,300280,115351,38.41
20,1961,SPECTRUM,SM,11000,11000,100.00
20,1962,SPENCERS,EQ,43732,24652,56.37
20,1963,SPIC,EQ,653859,343800,52.58
20,1964,SPLIL,EQ,20527,12647,61.61
20,1965,SPLPETRO,EQ,83680,43915,52.48
20,1966,SPORTKING,EQ,7722,5720,74.07
20,1967,SREEL,EQ,9632,6996,72.63
20,1968,SRF,EQ,285307,195113,68.39
20,1969,SRHHYPOLTD,EQ,16770,10725,63.95
20,1970,SRIRAM,ST,36000,24000,66.67
20,1971,SRIVASAVI,SM,45000,33000,73.33
20,1972,SRPL,EQ,384782,318219,82.70
20,1973,SSWL,EQ,105285,65087,61.82
20,1974,STAR,EQ,423477,234504,55.38
20,1975,STARCEMENT,EQ,407282,165842,40.72
20,1976,STARHEALTH,EQ,647620,482335,74.48
20,1977,STARPAPER,EQ,142711,80913,56.70
20,1978,STARTECK,EQ,40168,7642,19.03
20,1979,STCINDIA,EQ,21870,9778,44.71
20,1980,STEELCAS,EQ,22935,12088,52.71
20,1981,STEELCITY,EQ,62459,54542,87.32
20,1982,STEELXIND,EQ,3131895,1599650,51.08
20,1983,STEL,EQ,13988,11406,81.54
20,1984,STERTOOLS,EQ,60759,31651,52.09
20,1985,STLTECH,EQ,598993,299847,50.06
20,1986,STOVEKRAFT,EQ,1461949,560434,38.33
20,1987,STYLAMIND,EQ,20402,8207,40.23
20,1988,STYRENIX,EQ,39979,26237,65.63
20,1989,SUBEXLTD,EQ,1252050,793231,63.35
20,1990,SUBROS,EQ,14501,8910,61.44
20,1991,SUDARSCHEM,EQ,124820,42867,34.34
20,1992,SUKHJITS,EQ,10085,5130,50.87
20,1993,SULA,EQ,794349,273919,34.48
20,1994,SUMICHEM,EQ,290148,178770,61.61
20,1995,SUMIT,EQ,38462,29397,76.43
20,1996,SUMMITSEC,EQ,8210,5896,71.81
20,1997,SUNCLAYLTD,EQ,8294,4808,57.97
20,1998,SUNDARAM,EQ,347098,227820,65.64
20,1999,SUNDARMFIN,EQ,18163,9486,52.23
20,2000,SUNDARMHLD,EQ,92990,73162,78.68
20,2001,SUNDRMBRAK,EQ,2352,1306,55.53
20,2002,SUNDRMFAST,EQ,80349,35680,44.41
20,2003,SUNFLAG,EQ,1507659,667680,44.29
20,2004,SUNPHARMA,EQ,2624815,1762796,67.16
20,2005,SUNTECK,EQ,165091,98724,59.80
20,2006,SUNTV,EQ,194115,60717,31.28
20,2007,SUPERHOUSE,EQ,139957,79170,56.57
20,2008,SUPERSPIN,EQ,21847,19706,90.20
20,2009,SUPRAJIT,EQ,195025,90311,46.31
20,2010,SUPREMEIND,EQ,82208,45988,55.94
20,2011,SUPREMEINF,EQ,9762,7050,72.22
20,2012,SUPRIYA,EQ,172033,55499,32.26
20,2013,SURANASOL,EQ,60566,36048,59.52
20,2014,SURANAT&P,EQ,273140,130607,47.82
20,2015,SURANI,SM,42000,38000,90.48
20,2016,SURYALAXMI,EQ,22662,16995,74.99
20,2017,SURYAROSNI,EQ,119307,56366,47.24
20,2018,SURYODAY,EQ,506929,237881,46.93
20,2019,SUTLEJTEX,EQ,36678,25693,70.05
20,2020,SUULD,EQ,179931,124028,68.93
20,2021,SUVEN,EQ,89329,59393,66.49
20,2022,SUVENPHAR,EQ,43861,26059,59.41
20,2023,SUVIDHAA,EQ,101601,62713,61.72
20,2024,SUZLON,EQ,294083000,75816218,25.78
20,2025,SVLL,EQ,1178,641,54.41
20,2026,SWANENERGY,EQ,51124,25030,48.96
20,2027,SWARAJ,SM,108000,108000,100.00
20,2028,SWARAJENG,EQ,15961,6772,42.43
20,2029,SWASTIK,SM,28800,24000,83.33
20,2030,SWELECTES,EQ,72453,47873,66.07
20,2031,SWSOLAR,EQ,878927,312747,35.58
20,2032,SYMPHONY,EQ,46857,25669,54.78
20,2033,SYNCOMF,EQ,4216555,2739009,64.96
20,2034,SYNGENE,EQ,363872,156980,43.14
20,2035,SYRMA,EQ,3720141,1047815,28.17
20,2036,SYSTANGO,SM,36800,36800,100.00
20,2037,TAINWALCHM,EQ,3523,1998,56.71
20,2038,TAJGVK,EQ,195993,84750,43.24
20,2039,TAKE,EQ,134695,86117,63.93
20,2040,TALBROAUTO,EQ,43026,27592,64.13
20,2041,TANLA,EQ,655142,247476,37.77
20,2042,TAPIFRUIT,SM,10500,10500,100.00
20,2043,TARACHAND,SM,14000,14000,100.00
20,2044,TARC,EQ,511307,324383,63.44
20,2045,TARMAT,EQ,17407,12918,74.21
20,2046,TARSONS,EQ,63339,26446,41.75
20,2047,TASTYBITE,EQ,5938,2799,47.14
20,2048,TATACAPHSG,N4,2,1,50.00
20,2049,TATACAPHSG,N6,118,118,100.00
20,2050,TATACAPHSG,NA,15,15,100.00
20,2051,TATACAPHSG,NB,2,1,50.00
20,2052,TATACHEM,EQ,477951,218021,45.62
20,2053,TATACOFFEE,EQ,167237,84933,50.79
20,2054,TATACOMM,EQ,242783,136959,56.41
20,2055,TATACONSUM,EQ,601270,306043,50.90
20,2056,TATAELXSI,EQ,116607,45880,39.35
20,2057,TATAINVEST,EQ,21648,9400,43.42
20,2058,TATAMETALI,EQ,40401,21810,53.98
20,2059,TATAMOTORS,EQ,5134688,2476950,48.24
20,2060,TATAMTRDVR,EQ,1158852,592055,51.09
20,2061,TATAPOWER,EQ,11975300,5561790,46.44
20,2062,TATASTEEL,EQ,33475211,18272201,54.58
20,2063,TATASTLLP,EQ,22874,14094,61.62
20,2064,TATVA,EQ,9104,5925,65.08
20,2065,TBZ,EQ,160785,115681,71.95
20,2066,TCFSL,ND,393,393,100.00
20,2067,TCFSL,NF,321,176,54.83
20,2068,TCFSL,NJ,736,736,100.00
20,2069,TCI,EQ,39922,14904,37.33
20,2070,TCIEXP,EQ,138246,23686,17.13
20,2071,TCNSBRANDS,EQ,128214,86901,67.78
20,2072,TCPLPACK,EQ,72892,37780,51.83
20,2073,TCS,EQ,1344224,928751,69.09
20,2074,TDPOWERSYS,EQ,449378,233096,51.87
20,2075,TEAMLEASE,EQ,10685,7091,66.36
20,2076,TECH,EQ,7460,4561,61.14
20,2077,TECHIN,EQ,6537,5461,83.54
20,2078,TECHM,EQ,2822485,1921222,68.07
20,2079,TECHNOE,EQ,918971,274041,29.82
20,2080,TEGA,EQ,33601,18411,54.79
20,2081,TEJASNET,EQ,210660,89723,42.59
20,2082,TEMBO,EQ,306794,57136,18.62
20,2083,TERASOFT,EQ,269259,143253,53.20
20,2084,TEXINFRA,EQ,30311,20398,67.30
20,2085,TEXMOPIPES,EQ,498125,251964,50.58
20,2086,TEXRAIL,EQ,1065710,493772,46.33
20,2087,TFCILTD,EQ,67783,40461,59.69
20,2088,TFL,EQ,1624,1447,89.10
20,2089,THANGAMAYL,EQ,13211,6203,46.95
20,2090,THEJO,SM,6300,5400,85.71
20,2091,THEMISMED,EQ,6984,4855,69.52
20,2092,THERMAX,EQ,93549,37407,39.99
20,2093,THOMASCOOK,EQ,135017,73486,54.43
20,2094,THYROCARE,EQ,259174,230117,88.79
20,2095,TI,EQ,238379,120191,50.42
20,2096,TIDEWATER,EQ,23381,15498,66.28
20,2097,TIIL,EQ,270380,106106,39.24
20,2098,TIINDIA,EQ,321235,137163,42.70
20,2099,TIJARIA,EQ,8127,4725,58.14
20,2100,TIMESCAN,SM,4000,4000,100.00
20,2101,TIMESGTY,EQ,11298,8862,78.44
20,2102,TIMETECHNO,EQ,4150670,1651426,39.79
20,2103,TIMKEN,EQ,22939,10451,45.56
20,2104,TINPLATE,EQ,42875,23782,55.47
20,2105,TIPSFILMS,EQ,16503,9645,58.44
20,2106,TIPSINDLTD,EQ,176353,91429,51.84
20,2107,TIRUMALCHM,EQ,177844,118205,66.47
20,2108,TIRUPATIFL,EQ,446762,214040,47.91
20,2109,TITAN,EQ,1263691,564618,44.68
20,2110,TMB,EQ,40723,29509,72.46
20,2111,TNIDETF,EQ,6461,3907,60.47
20,2112,TNPETRO,EQ,147560,88200,59.77
20,2113,TNPL,EQ,122411,74978,61.25
20,2114,TOKYOPLAST,EQ,3528,1480,41.95
20,2115,TORNTPHARM,EQ,356046,237517,66.71
20,2116,TORNTPOWER,EQ,903975,198388,21.95
20,2117,TOTAL,EQ,43874,24122,54.98
20,2118,TOUCHWOOD,EQ,5054,4369,86.45
20,2119,TPLPLASTEH,EQ,182698,87103,47.68
20,2120,TRACXN,EQ,233047,109537,47.00
20,2121,TREEHOUSE,EQ,18342,12557,68.46
20,2122,TREJHARA,EQ,131281,88572,67.47
20,2123,TRENT,EQ,341563,197902,57.94
20,2124,TRF,EQ,25985,12748,49.06
20,2125,TRIDENT,EQ,6279819,2160935,34.41
20,2126,TRIGYN,EQ,265297,125317,47.24
20,2127,TRIL,EQ,2584395,1165489,45.10
20,2128,TRITURBINE,EQ,843380,355211,42.12
20,2129,TRIVENI,EQ,246053,141871,57.66
20,2130,TTKHLTCARE,EQ,55618,39240,70.55
20,2131,TTKPRESTIG,EQ,161017,135262,84.00
20,2132,TTL,EQ,3603,1513,41.99
20,2133,TTML,EQ,1381252,728309,52.73
20,2134,TV18BRDCST,EQ,9668630,3880313,40.13
20,2135,TVSELECT,EQ,187426,46435,24.78
20,2136,TVSMOTOR,EQ,531133,255728,48.15
20,2137,TVSSRICHAK,EQ,8310,4713,56.71
20,2138,TVTODAY,EQ,63666,31634,49.69
20,2139,TVVISION,EQ,1,1,100.00
20,2140,TWL,EQ,279075,150288,53.85
20,2141,UBL,EQ,68948,35146,50.97
20,2142,UCALFUEL,EQ,33884,19033,56.17
20,2143,UCOBANK,EQ,4237014,1148982,27.12
20,2144,UDAICEMENT,EQ,122926,83861,68.22
20,2145,UFLEX,EQ,108512,41819,38.54
20,2146,UFO,EQ,166105,102228,61.54
20,2147,UGARSUGAR,EQ,614870,304246,49.48
20,2148,UGROCAP,EQ,700498,239613,34.21
20,2149,UGROCAP,N1,200,200,100.00
20,2150,UGROCAP,N4,493,481,97.57
20,2151,UGROCAP,N5,10,10,100.00
20,2152,UGROCAP,N6,30,30,100.00
20,2153,UGROCAP,N7,70,70,100.00
20,2154,UJJIVAN,EQ,2330282,1038876,44.58
20,2155,UJJIVANSFB,EQ,53111268,12593723,23.71
20,2156,ULTRACEMCO,EQ,414785,189843,45.77
20,2157,UMA,SM,88000,80000,90.91
20,2158,UMAEXPORTS,EQ,80058,42972,53.68
20,2159,UMANGDAIRY,EQ,132602,41629,31.39
20,2160,UMESLTD,EQ,21216,16768,79.03
20,2161,UNICHEMLAB,EQ,52870,35851,67.81
20,2162,UNIDT,EQ,108652,64707,59.55
20,2163,UNIENTER,EQ,19887,13333,67.04
20,2164,UNIINFO,EQ,81085,62228,76.74
20,2165,UNIONBANK,EQ,4888748,1895942,38.78
20,2166,UNIPARTS,EQ,77345,51884,67.08
20,2167,UNITEDPOLY,EQ,20341,18611,91.50
20,2168,UNITEDTEA,EQ,4274,4101,95.95
20,2169,UNIVASTU,EQ,73672,48822,66.27
20,2170,UNIVCABLES,EQ,53331,39953,74.92
20,2171,UNIVPHOTO,EQ,867,566,65.28
20,2172,UNOMINDA,EQ,455345,351963,77.30
20,2173,UPL,EQ,900153,508038,56.44
20,2174,URJA,EQ,1422217,526684,37.03
20,2175,USASEEDS,SM,900,900,100.00
20,2176,USHAMART,EQ,309426,161182,52.09
20,2177,USK,EQ,126122,80256,63.63
20,2178,UTIAMC,EQ,284784,151491,53.20
20,2179,UTIBANKETF,EQ,461280,453006,98.21
20,2180,UTINEXT50,EQ,13005,9101,69.98
20,2181,UTINIFTETF,EQ,8529,8095,94.91
20,2182,UTISENSETF,EQ,179,72,40.22
20,2183,UTISXN50,EQ,1547,911,58.89
20,2184,UTTAMSUGAR,EQ,34541,13550,39.23
20,2185,V2RETAIL,EQ,187924,170722,90.85
20,2186,VADILALIND,EQ,50528,25553,50.57
20,2187,VAIBHAVGBL,EQ,129708,80720,62.23
20,2188,VAISHALI,EQ,35942,22231,61.85
20,2189,VAKRANGEE,EQ,2939531,1482484,50.43
20,2190,VALIANTORG,EQ,154572,52048,33.67
20,2191,VARDHACRLC,EQ,22074,15254,69.10
20,2192,VARDMNPOLY,EQ,66302,45425,68.51
20,2193,VARROC,EQ,104889,51791,49.38
20,2194,VASA,SM,8000,8000,100.00
20,2195,VASCONEQ,EQ,1079273,586792,54.37
20,2196,VASWANI,EQ,22133,13661,61.72
20,2197,VBL,EQ,1179431,714104,60.55
20,2198,VCL,EQ,259294,137580,53.06
20,2199,VEDL,EQ,14960466,5095135,34.06
20,2200,VEEKAYEM,SM,8000,4000,50.00
20,2201,VENKEYS,EQ,84291,32984,39.13
20,2202,VENUSPIPES,EQ,89669,44966,50.15
20,2203,VENUSREM,EQ,143568,141646,98.66
20,2204,VERANDA,EQ,44192,32447,73.42
20,2205,VERTEXPLUS,SM,2400,2400,100.00
20,2206,VERTOZ,EQ,314733,133280,42.35
20,2207,VESUVIUS,EQ,7759,3346,43.12
20,2208,VETO,EQ,55026,38826,70.56
20,2209,VGUARD,EQ,614515,136468,22.21
20,2210,VHL,EQ,491,190,38.70
20,2211,VIAZ,SM,20000,14000,70.00
20,2212,VIDHIING,EQ,11298,7376,65.29
20,2213,VIJAYA,EQ,1407454,1187652,84.38
20,2214,VIJIFIN,EQ,252723,179366,70.97
20,2215,VIKASECO,EQ,5231575,2311406,44.18
20,2216,VIKASLIFE,EQ,6919046,3169373,45.81
20,2217,VIMTALABS,EQ,23758,10685,44.97
20,2218,VINATIORGA,EQ,42038,22901,54.48
20,2219,VINDHYATEL,EQ,20688,13193,63.77
20,2220,VINEETLAB,EQ,98047,48983,49.96
20,2221,VINNY,EQ,233632,155454,66.54
20,2222,VINYLINDIA,EQ,38295,19896,51.95
20,2223,VIPCLOTHNG,EQ,444293,268289,60.39
20,2224,VIPIND,EQ,81480,61067,74.95
20,2225,VIPULLTD,EQ,16333,12043,73.73
20,2226,VIRINCHI,EQ,294115,218205,74.19
20,2227,VISAKAIND,EQ,94833,49224,51.91
20,2228,VISESHINFO,EQ,3579518,1638788,45.78
20,2229,VISHAL,EQ,198456,163798,82.54
20,2230,VISHNU,EQ,95911,68598,71.52
20,2231,VISHWARAJ,EQ,3514324,1318607,37.52
20,2232,VITAL,SM,43200,43200,100.00
20,2233,VIVIANA,SM,2000,2000,100.00
20,2234,VIVIDHA,EQ,237016,216580,91.38
20,2235,VIVO,SM,3200,3200,100.00
20,2236,VLSFINANCE,EQ,15941,11972,75.10
20,2237,VMARCIND,SM,216000,165000,76.39
20,2238,VMART,EQ,45710,28778,62.96
20,2239,VOLTAMP,EQ,86221,18750,21.75
20,2240,VOLTAS,EQ,610358,235592,38.60
20,2241,VRLLOG,EQ,112267,31608,28.15
20,2242,VSSL,EQ,35098,16437,46.83
20,2243,VSTIND,EQ,4406,2594,58.87
20,2244,VSTTILLERS,EQ,13801,7955,57.64
20,2245,VTL,EQ,211781,186337,87.99
20,2246,WABAG,EQ,307975,147177,47.79
20,2247,WALCHANNAG,EQ,343462,222277,64.72
20,2248,WALPAR,SM,8000,8000,100.00
20,2249,WATERBASE,EQ,49769,36223,72.78
20,2250,WEALTH,EQ,360,231,64.17
20,2251,WEBELSOLAR,EQ,160433,88728,55.31
20,2252,WEIZMANIND,EQ,14182,8599,60.63
20,2253,WEL,EQ,2056,1148,55.84
20,2254,WELCORP,EQ,899013,538021,59.85
20,2255,WELENT,EQ,1425152,1231578,86.42
20,2256,WELINV,EQ,1036,552,53.28
20,2257,WELSPUNIND,EQ,2128117,988436,46.45
20,2258,WENDT,EQ,182,139,76.37
20,2259,WESTLIFE,EQ,44985,26418,58.73
20,2260,WEWIN,EQ,6899,3590,52.04
20,2261,WHEELS,EQ,9705,6844,70.52
20,2262,WHIRLPOOL,EQ,31222,15231,48.78
20,2263,WILLAMAGOR,EQ,20022,13488,67.37
20,2264,WINDLAS,EQ,23729,14906,62.82
20,2265,WINDMACHIN,EQ,65827,44154,67.08
20,2266,WIPRO,EQ,3689486,1780084,48.25
20,2267,WOCKPHARMA,EQ,269175,118097,43.87
20,2268,WONDERLA,EQ,89320,43052,48.20
20,2269,WORTH,EQ,30946,21178,68.44
20,2270,WSTCSTPAPR,EQ,120388,63329,52.60
20,2271,XCHANGING,EQ,229189,89499,39.05
20,2272,XELPMOC,EQ,37133,24486,65.94
20,2273,XPROINDIA,EQ,21659,13109,60.52
20,2274,YAARI,EQ,403481,351117,87.02
20,2275,YESBANK,EQ,77893859,21078328,27.06
20,2276,YUKEN,EQ,3205,2334,72.82
20,2277,ZEEL,EQ,8735276,3068358,35.13
20,2278,ZEELEARN,EQ,403708,338913,83.95
20,2279,ZEEMEDIA,EQ,2573633,1883850,73.20
20,2280,ZENITHEXPO,EQ,4275,2170,50.76
20,2281,ZENITHSTL,EQ,47291,31361,66.31
20,2282,ZENSARTECH,EQ,1254584,515230,41.07
20,2283,ZENTEC,EQ,1421943,484207,34.05
20,2284,ZFCVINDIA,EQ,17148,13845,80.74
20,2285,ZIMLAB,EQ,50397,39665,78.71
20,2286,ZODIAC,EQ,109906,68673,62.48
20,2287,ZODIACLOTH,EQ,14994,11857,79.08
20,2288,ZOMATO,EQ,60699589,24450735,40.28
20,2289,ZOTA,EQ,83725,55689,66.51
20,2290,ZUARI,EQ,337641,185461,54.93
20,2291,ZUARIIND,EQ,43677,14498,33.19
20,2292,ZYDUSLIFE,EQ,468836,157215,33.53
20,2293,ZYDUSWELL,EQ,23547,18802,79.85
